Time (s) , Counter , SQUID voltage (V) , SQUID Loop Voltage (V) , Calculated Squid Current (uA) , Temp Probe Voltage (V) 
0.0 , 0 , +2.22743040E-04 , -3.97948900E-03 , -39.2067881773 , +8.80160000E-05
2.07499980927 , 1 , +2.22745440E-04 , -3.97899100E-03 , -39.2018817734 , +8.79640000E-05
4.14399981499 , 2 , +2.22750920E-04 , -3.97907000E-03 , -39.2026600985 , +8.80550000E-05
6.21299982071 , 3 , +2.22759340E-04 , -3.97908300E-03 , -39.2027881773 , +8.81460000E-05
8.28099989891 , 4 , +2.22758670E-04 , -3.97964600E-03 , -39.2083349754 , +8.83280000E-05
10.3489999771 , 5 , +2.22764280E-04 , -3.97941000E-03 , -39.2060098522 , +8.78080000E-05
12.4179999828 , 6 , +2.22750250E-04 , -3.97947600E-03 , -39.2066600985 , +8.80940000E-05
14.4859998226 , 7 , +2.22754660E-04 , -3.97935800E-03 , -39.2054975369 , +8.80550000E-05
16.5539999008 , 8 , +2.22757600E-04 , -3.97965900E-03 , -39.2084630542 , +8.83280000E-05
18.621999979 , 9 , +2.22765350E-04 , -3.97950200E-03 , -39.2069162562 , +8.79900000E-05
20.6909999847 , 10 , +2.22759600E-04 , -3.97965900E-03 , -39.2084630542 , +8.80810000E-05
22.7589998245 , 11 , +2.22759340E-04 , -3.97959300E-03 , -39.2078128079 , +8.76780000E-05
24.8279998302 , 12 , +2.22757200E-04 , -3.97954100E-03 , -39.2073004926 , +8.81330000E-05
26.8959999084 , 13 , +2.22755330E-04 , -3.97946300E-03 , -39.2065320197 , +8.81850000E-05
28.9639999866 , 14 , +2.22774830E-04 , -3.97996000E-03 , -39.2114285714 , +8.75610000E-05
31.0319998264 , 15 , +2.22763740E-04 , -3.97984200E-03 , -39.2102660099 , +8.82110000E-05
33.0999999046 , 16 , +2.22760540E-04 , -3.97954100E-03 , -39.2073004926 , +8.79510000E-05
35.1669998169 , 17 , +2.22773760E-04 , -3.97984200E-03 , -39.2102660099 , +8.83020000E-05
37.2359998226 , 18 , +2.22771360E-04 , -3.97955400E-03 , -39.2074285714 , +8.80160000E-05
39.3049998283 , 19 , +2.22762940E-04 , -3.97977700E-03 , -39.2096256158 , +8.79640000E-05
41.3729999065 , 20 , +2.22767750E-04 , -3.97976400E-03 , -39.2094975369 , +8.81720000E-05
43.4409999847 , 21 , +2.22757330E-04 , -3.97930600E-03 , -39.2049852217 , +8.81460000E-05
45.5089998245 , 22 , +2.22761070E-04 , -3.97977700E-03 , -39.2096256158 , +8.81590000E-05
47.5769999027 , 23 , +2.22764950E-04 , -3.97962000E-03 , -39.2080788177 , +8.75870000E-05
49.6449999809 , 24 , +2.22756000E-04 , -3.97980300E-03 , -39.2098817734 , +8.80550000E-05
51.7119998932 , 25 , +2.22769620E-04 , -3.97959300E-03 , -39.2078128079 , +8.83670000E-05
53.7809998989 , 26 , +2.22749180E-04 , -3.97975100E-03 , -39.2093694581 , +8.79770000E-05
55.8499999046 , 27 , +2.22762670E-04 , -3.97964600E-03 , -39.2083349754 , +8.80030000E-05
57.9169998169 , 28 , +2.22760940E-04 , -3.97948900E-03 , -39.2067881773 , +8.80420000E-05
59.9859998226 , 29 , +2.22751460E-04 , -3.97988100E-03 , -39.2106502463 , +8.77820000E-05
62.0539999008 , 30 , +2.22751190E-04 , -3.97951500E-03 , -39.207044335 , +8.81720000E-05
64.1209998131 , 31 , +2.22761070E-04 , -3.97977700E-03 , -39.2096256158 , +8.78340000E-05
66.1899998188 , 32 , +2.22760000E-04 , -3.97933200E-03 , -39.2052413793 , +8.79770000E-05
68.2569999695 , 33 , +2.22754260E-04 , -3.97972400E-03 , -39.2091034483 , +8.81200000E-05
70.3249998093 , 34 , +2.22759740E-04 , -3.97971100E-03 , -39.2089753695 , +8.80680000E-05
72.393999815 , 35 , +2.22742910E-04 , -3.97933200E-03 , -39.2052413793 , +8.78340000E-05
74.4619998932 , 36 , +2.22749450E-04 , -3.97938400E-03 , -39.2057536946 , +8.78990000E-05
76.5299999714 , 37 , +2.22757470E-04 , -3.97935800E-03 , -39.2054975369 , +8.81980000E-05
78.5979998112 , 38 , +2.22752260E-04 , -3.97972400E-03 , -39.2091034483 , +8.81070000E-05
80.6669998169 , 39 , +2.22745310E-04 , -3.97964600E-03 , -39.2083349754 , +8.80940000E-05
82.7349998951 , 40 , +2.22753460E-04 , -3.97962000E-03 , -39.2080788177 , +8.80940000E-05
84.8019998074 , 41 , +2.22747050E-04 , -3.97967200E-03 , -39.208591133 , +8.82630000E-05
86.8709998131 , 42 , +2.22744380E-04 , -3.97927900E-03 , -39.2047192118 , +8.82760000E-05
88.9389998913 , 43 , +2.22747980E-04 , -3.97891300E-03 , -39.2011133005 , +8.82500000E-05
91.007999897 , 44 , +2.22745040E-04 , -3.97904400E-03 , -39.2024039409 , +8.83020000E-05
93.0759999752 , 45 , +2.22745710E-04 , -3.97930600E-03 , -39.2049852217 , +8.81200000E-05
95.143999815 , 46 , +2.22746910E-04 , -3.97929200E-03 , -39.2048472906 , +8.77300000E-05
97.2119998932 , 47 , +2.22742640E-04 , -3.97925300E-03 , -39.2044630542 , +8.81460000E-05
99.2809998989 , 48 , +2.22759600E-04 , -3.97946300E-03 , -39.2065320197 , +8.81460000E-05
101.348999977 , 49 , +2.22752120E-04 , -3.97943600E-03 , -39.2062660099 , +8.80940000E-05
103.416999817 , 50 , +2.22748250E-04 , -3.97972400E-03 , -39.2091034483 , +8.84190000E-05
105.485999823 , 51 , +2.22757730E-04 , -3.97979000E-03 , -39.2097536946 , +8.84190000E-05
107.553999901 , 52 , +2.22756930E-04 , -3.97981600E-03 , -39.2100098522 , +8.80030000E-05
109.621999979 , 53 , +2.22754390E-04 , -3.97942300E-03 , -39.206137931 , +8.84060000E-05
111.690999985 , 54 , +2.22761340E-04 , -3.97988100E-03 , -39.2106502463 , +8.85230000E-05
113.757999897 , 55 , +2.22764010E-04 , -3.97942300E-03 , -39.206137931 , +8.80810000E-05
115.825999975 , 56 , +2.22770020E-04 , -3.97973700E-03 , -39.2092315271 , +8.81330000E-05
117.893999815 , 57 , +2.22757070E-04 , -3.97979000E-03 , -39.2097536946 , +8.79900000E-05
119.960999966 , 58 , +2.22756660E-04 , -3.97958000E-03 , -39.2076847291 , +8.80290000E-05
122.028999805 , 59 , +2.22759740E-04 , -3.97921400E-03 , -39.2040788177 , +8.81200000E-05
124.097999811 , 60 , +2.22764540E-04 , -3.97931900E-03 , -39.2051133005 , +8.84970000E-05
126.166999817 , 61 , +2.22765080E-04 , -3.97954100E-03 , -39.2073004926 , +8.76130000E-05
128.234999895 , 62 , +2.22767480E-04 , -3.97962000E-03 , -39.2080788177 , +8.84710000E-05
130.303999901 , 63 , +2.22755330E-04 , -3.97960700E-03 , -39.2079507389 , +8.81850000E-05
132.371999979 , 64 , +2.22769890E-04 , -3.97968500E-03 , -39.2087192118 , +8.81590000E-05
134.445999861 , 65 , +2.22773090E-04 , -3.97956700E-03 , -39.2075566502 , +8.80550000E-05
136.513999939 , 66 , +2.22772830E-04 , -3.97968500E-03 , -39.2087192118 , +8.86010000E-05
138.581999779 , 67 , +2.22779240E-04 , -3.97992100E-03 , -39.211044335 , +8.81460000E-05
140.649999857 , 68 , +2.22788720E-04 , -3.97958000E-03 , -39.2076847291 , +8.82370000E-05
142.71999979 , 69 , +2.22767220E-04 , -3.97971100E-03 , -39.2089753695 , +8.80810000E-05
144.787999868 , 70 , +2.22775900E-04 , -3.97951500E-03 , -39.207044335 , +8.81720000E-05
146.854999781 , 71 , +2.22782180E-04 , -3.97989500E-03 , -39.2107881773 , +8.82370000E-05
148.923999786 , 72 , +2.22789250E-04 , -3.97960700E-03 , -39.2079507389 , +8.86270000E-05
150.991999865 , 73 , +2.22778700E-04 , -3.97948900E-03 , -39.2067881773 , +8.85230000E-05
153.059999943 , 74 , +2.22786320E-04 , -3.97968500E-03 , -39.2087192118 , +8.81850000E-05
155.127999783 , 75 , +2.22787380E-04 , -3.97959300E-03 , -39.2078128079 , +8.85230000E-05
157.195999861 , 76 , +2.22776030E-04 , -3.97964600E-03 , -39.2083349754 , +8.82110000E-05
159.263999939 , 77 , +2.22780710E-04 , -3.97996000E-03 , -39.2114285714 , +8.82630000E-05
161.333999872 , 78 , +2.22775500E-04 , -3.97964600E-03 , -39.2083349754 , +8.80290000E-05
163.40199995 , 79 , +2.22786980E-04 , -3.97951500E-03 , -39.207044335 , +8.81850000E-05
165.46999979 , 80 , +2.22790590E-04 , -3.97951500E-03 , -39.207044335 , +8.85230000E-05
167.537999868 , 81 , +2.22783910E-04 , -3.97954100E-03 , -39.2073004926 , +8.78990000E-05
169.605999947 , 82 , +2.22804210E-04 , -3.97948900E-03 , -39.2067881773 , +8.80290000E-05
171.673999786 , 83 , +2.22795260E-04 , -3.97935800E-03 , -39.2054975369 , +8.81980000E-05
173.741999865 , 84 , +2.22804610E-04 , -3.97979000E-03 , -39.2097536946 , +8.81850000E-05
175.81099987 , 85 , +2.22803680E-04 , -3.97968500E-03 , -39.2087192118 , +8.85750000E-05
177.878999949 , 86 , +2.22801010E-04 , -3.97976400E-03 , -39.2094975369 , +8.77950000E-05
179.945999861 , 87 , +2.22796470E-04 , -3.97944900E-03 , -39.2063940887 , +8.78210000E-05
182.014999866 , 88 , +2.22794860E-04 , -3.97967200E-03 , -39.208591133 , +8.82110000E-05
184.081999779 , 89 , +2.22795260E-04 , -3.97975100E-03 , -39.2093694581 , +8.82630000E-05
186.149999857 , 90 , +2.22792860E-04 , -3.97959300E-03 , -39.2078128079 , +8.83410000E-05
188.217000008 , 91 , +2.22796070E-04 , -3.97981600E-03 , -39.2100098522 , +8.79380000E-05
190.28399992 , 92 , +2.22793130E-04 , -3.97954100E-03 , -39.2073004926 , +8.81200000E-05
192.351999998 , 93 , +2.22790990E-04 , -3.97943600E-03 , -39.2062660099 , +8.80680000E-05
194.41899991 , 94 , +2.22791520E-04 , -3.97969800E-03 , -39.2088472906 , +8.86660000E-05
196.487999916 , 95 , +2.22790860E-04 , -3.97950200E-03 , -39.2069162562 , +8.78990000E-05
198.556999922 , 96 , +2.22784710E-04 , -3.97943600E-03 , -39.2062660099 , +8.81330000E-05
200.625 , 97 , +2.22786320E-04 , -3.97971100E-03 , -39.2089753695 , +8.82760000E-05
202.691999912 , 98 , +2.22788590E-04 , -3.97969800E-03 , -39.2088472906 , +8.80550000E-05
204.760999918 , 99 , +2.22794600E-04 , -3.97977700E-03 , -39.2096256158 , +8.79510000E-05
206.82799983 , 100 , +2.22788190E-04 , -3.97962000E-03 , -39.2080788177 , +8.78730000E-05
