Time (s) , Counter , SQUID voltage (V) , Mod Coil Voltage (V) , Calculated Mod Coil Current (uA) , SQUID Loop Voltage (V) , Calculated Squid Current (uA) , Temp Probe Voltage (V) 
0.0 , 0 , +1.69017290E-04 , -3.03652600E-03 , -29.9165123153 , -3.02424100E-03 , -29.7954778325 , +8.75610000E-05
2.507999897 , 1 , +1.69002860E-04 , -3.03676100E-03 , -29.9188275862 , -3.02400600E-03 , -29.7931625616 , +8.76520000E-05
5.01399993896 , 2 , +1.69022630E-04 , -3.03645200E-03 , -29.9157832512 , -3.02407100E-03 , -29.7938029557 , +8.80420000E-05
7.51900005341 , 3 , +1.69007000E-04 , -3.03647700E-03 , -29.9160295567 , -3.02464700E-03 , -29.7994778325 , +8.76390000E-05
10.0250000954 , 4 , +1.69025830E-04 , -3.03653800E-03 , -29.9166305419 , -3.02464700E-03 , -29.7994778325 , +8.76260000E-05
12.5299999714 , 5 , +1.69031310E-04 , -3.03637700E-03 , -29.915044335 , -3.02438500E-03 , -29.7968965517 , +8.74570000E-05
15.0360000134 , 6 , +1.69017150E-04 , -3.03632800E-03 , -29.9145615764 , -3.02462100E-03 , -29.7992216749 , +8.76650000E-05
17.5429999828 , 7 , +1.69010470E-04 , -3.03637700E-03 , -29.915044335 , -3.02451600E-03 , -29.7981871921 , +8.75740000E-05
20.0499999523 , 8 , +1.68995780E-04 , -3.03613000E-03 , -29.9126108374 , -3.02456800E-03 , -29.7986995074 , +8.75610000E-05
22.5559999943 , 9 , +1.68986430E-04 , -3.03634000E-03 , -29.914679803 , -3.02434600E-03 , -29.7965123153 , +8.73530000E-05
25.0610001087 , 10 , +1.68988300E-04 , -3.03636500E-03 , -29.9149261084 , -3.02437200E-03 , -29.7967684729 , +8.77950000E-05
27.5669999123 , 11 , +1.68970940E-04 , -3.03632800E-03 , -29.9145615764 , -3.02405800E-03 , -29.7936748768 , +8.76390000E-05
30.0720000267 , 12 , +1.68984430E-04 , -3.03648900E-03 , -29.9161477833 , -3.02386200E-03 , -29.7917438424 , +8.74830000E-05
32.5789999962 , 13 , +1.68981360E-04 , -3.03610500E-03 , -29.912364532 , -3.02404500E-03 , -29.793546798 , +8.75480000E-05
35.0859999657 , 14 , +1.68982290E-04 , -3.03591900E-03 , -29.9105320197 , -3.01449000E-03 , -29.699408867 , +8.75480000E-05
37.5910000801 , 15 , +1.94762000E-04 , -3.03625400E-03 , -29.9138325123 , -3.48943700E-03 , -34.3786896552 , +8.73140000E-05
40.0970001221 , 16 , +1.95246040E-04 , -3.03626600E-03 , -29.9139507389 , -3.49798400E-03 , -34.4628965517 , +8.74700000E-05
42.6040000916 , 17 , +2.05553030E-04 , -3.03631500E-03 , -29.9144334975 , -3.74399200E-03 , -36.8866206897 , +8.73400000E-05
45.1089999676 , 18 , +2.18872420E-04 , -3.03631500E-03 , -29.9144334975 , -3.95318000E-03 , -38.9475862069 , +8.75740000E-05
47.6150000095 , 19 , +2.20401380E-04 , -3.03645200E-03 , -29.9157832512 , -3.94541800E-03 , -38.8711133005 , +8.76000000E-05
50.120000124 , 20 , +2.22047170E-04 , -3.03609200E-03 , -29.9122364532 , -3.95836300E-03 , -38.9986502463 , +8.80550000E-05
52.6259999275 , 21 , +2.19736720E-04 , -3.03606800E-03 , -29.912 , -3.95553600E-03 , -38.9707980296 , +8.75350000E-05
55.1319999695 , 22 , +2.21143060E-04 , -3.03621600E-03 , -29.9134581281 , -3.98586300E-03 , -39.2695862069 , +8.74570000E-05
57.6370000839 , 23 , +2.21290390E-04 , -3.03610500E-03 , -29.912364532 , -3.96159600E-03 , -39.0305024631 , +8.74570000E-05
60.1419999599 , 24 , +2.21330060E-04 , -3.03641500E-03 , -29.9154187192 , -3.96167500E-03 , -39.0312807882 , +8.76520000E-05
62.6470000744 , 25 , +2.21324040E-04 , -3.03617900E-03 , -29.9130935961 , -3.96123000E-03 , -39.0268965517 , +8.75870000E-05
65.1519999504 , 26 , +2.21324180E-04 , -3.03631500E-03 , -29.9144334975 , -3.96157000E-03 , -39.0302463054 , +8.76520000E-05
67.6559998989 , 27 , +2.21313630E-04 , -3.03635300E-03 , -29.9148078818 , -3.96143900E-03 , -39.028955665 , +8.72100000E-05
70.1619999409 , 28 , +2.21324580E-04 , -3.03630300E-03 , -29.9143152709 , -3.96201500E-03 , -39.0346305419 , +8.71190000E-05
72.6679999828 , 29 , +2.21324180E-04 , -3.03616700E-03 , -29.9129753695 , -3.96189700E-03 , -39.0334679803 , +8.75870000E-05
75.1749999523 , 30 , +2.21320970E-04 , -3.03619200E-03 , -29.9132216749 , -3.96206700E-03 , -39.0351428571 , +8.73270000E-05
77.6819999218 , 31 , +2.21319770E-04 , -3.03610500E-03 , -29.912364532 , -3.96206700E-03 , -39.0351428571 , +8.74180000E-05
80.1889998913 , 32 , +2.21334460E-04 , -3.03599300E-03 , -29.9112610837 , -3.96185800E-03 , -39.0330837438 , +8.75480000E-05
82.6949999332 , 33 , +2.21338470E-04 , -3.03606800E-03 , -29.912 , -3.96193600E-03 , -39.0338522167 , +8.78600000E-05
85.2019999027 , 34 , +2.21308020E-04 , -3.03589400E-03 , -29.9102857143 , -3.96172700E-03 , -39.0317931034 , +8.71970000E-05
87.7100000381 , 35 , +2.21303210E-04 , -3.03584500E-03 , -29.9098029557 , -3.95876900E-03 , -39.0026502463 , +8.68460000E-05
90.2160000801 , 36 , +2.21431560E-04 , -3.03613000E-03 , -29.9126108374 , -4.29521000E-03 , -42.3173399015 , +8.74310000E-05
92.7230000496 , 37 , +2.74188300E-04 , -3.03609200E-03 , -29.9122364532 , -4.90706800E-03 , -48.3454975369 , +8.72490000E-05
95.2290000916 , 38 , +2.74110030E-04 , -3.03593100E-03 , -29.9106502463 , -4.90806300E-03 , -48.3553004926 , +8.76520000E-05
97.736000061 , 39 , +2.74045910E-04 , -3.03590700E-03 , -29.9104137931 , -4.90288000E-03 , -48.3042364532 , +8.74440000E-05
100.242000103 , 40 , +2.72874950E-04 , -3.03582000E-03 , -29.9095566502 , -4.89256600E-03 , -48.2026206897 , +8.72100000E-05
102.747999907 , 41 , +2.73468910E-04 , -3.03577000E-03 , -29.9090640394 , -4.89446300E-03 , -48.2213103448 , +8.74700000E-05
105.256000042 , 42 , +2.73241180E-04 , -3.03601800E-03 , -29.9115073892 , -4.89201600E-03 , -48.1972019704 , +8.77950000E-05
107.762000084 , 43 , +2.73263490E-04 , -3.03580700E-03 , -29.9094285714 , -4.89214700E-03 , -48.1984926108 , +8.76260000E-05
110.268000126 , 44 , +2.73264830E-04 , -3.03605500E-03 , -29.9118719212 , -4.89284000E-03 , -48.205320197 , +8.76260000E-05
112.773000002 , 45 , +2.73277510E-04 , -3.03583200E-03 , -29.9096748768 , -4.90659700E-03 , -48.3408571429 , +8.78340000E-05
115.279999971 , 46 , +2.82846790E-04 , -3.03598100E-03 , -29.9111428571 , -5.17938500E-03 , -51.0284236453 , +8.73400000E-05
117.786000013 , 47 , +2.91114760E-04 , -3.03596900E-03 , -29.9110246305 , -5.22116500E-03 , -51.4400492611 , +8.74180000E-05
120.292000055 , 48 , +2.90761480E-04 , -3.03579500E-03 , -29.9093103448 , -5.18511800E-03 , -51.0849064039 , +8.71580000E-05
122.799000025 , 49 , +2.89800740E-04 , -3.03583200E-03 , -29.9096748768 , -5.05849500E-03 , -49.8373891626 , +8.74440000E-05
125.305999994 , 50 , +2.82532780E-04 , -3.03584500E-03 , -29.9098029557 , -5.05722500E-03 , -49.8248768473 , +8.72880000E-05
127.812000036 , 51 , +2.82543860E-04 , -3.03570800E-03 , -29.908453202 , -5.05867800E-03 , -49.8391921182 , +8.75480000E-05
130.319000006 , 52 , +2.82549470E-04 , -3.03596900E-03 , -29.9110246305 , -5.05891400E-03 , -49.8415172414 , +8.75740000E-05
132.825000048 , 53 , +2.82601560E-04 , -3.03568400E-03 , -29.9082167488 , -5.05981700E-03 , -49.8504137931 , +8.75090000E-05
135.332000017 , 54 , +2.82649650E-04 , -3.03502700E-03 , -29.9017438424 , -5.06015700E-03 , -49.8537635468 , +8.80680000E-05
137.836999893 , 55 , +2.82648840E-04 , -3.03589400E-03 , -29.9102857143 , -5.05950300E-03 , -49.847320197 , +8.74440000E-05
140.345000029 , 56 , +2.82593950E-04 , -3.03595600E-03 , -29.9108965517 , -5.05934500E-03 , -49.8457635468 , +8.75740000E-05
142.851999998 , 57 , +2.82594220E-04 , -3.03570800E-03 , -29.908453202 , -5.05921500E-03 , -49.8444827586 , +8.76260000E-05
145.358999968 , 58 , +2.82617320E-04 , -3.03562200E-03 , -29.9076059113 , -5.05976400E-03 , -49.8498916256 , +8.77040000E-05
147.86500001 , 59 , +2.82611580E-04 , -3.03582000E-03 , -29.9095566502 , -5.06009200E-03 , -49.8531231527 , +8.75740000E-05
150.370000124 , 60 , +2.82643900E-04 , -3.03591900E-03 , -29.9105320197 , -5.06009200E-03 , -49.8531231527 , +8.76780000E-05
152.877000093 , 61 , +2.82627610E-04 , -3.03603000E-03 , -29.9116256158 , -5.05989500E-03 , -49.851182266 , +8.74050000E-05
155.382999897 , 62 , +2.82620930E-04 , -3.03590700E-03 , -29.9104137931 , -5.05976400E-03 , -49.8498916256 , +8.73270000E-05
157.890000105 , 63 , +2.82627740E-04 , -3.03593100E-03 , -29.9106502463 , -5.05935900E-03 , -49.8459014778 , +8.76390000E-05
160.397000074 , 64 , +2.82609040E-04 , -3.03598100E-03 , -29.9111428571 , -5.05972500E-03 , -49.8495073892 , +8.77040000E-05
162.903000116 , 65 , +2.82603170E-04 , -3.03599300E-03 , -29.9112610837 , -5.05952900E-03 , -49.8475763547 , +8.74830000E-05
165.40899992 , 66 , +2.82574720E-04 , -3.03565900E-03 , -29.9079704433 , -5.05920200E-03 , -49.8443546798 , +8.77040000E-05
167.916000128 , 67 , +2.81944960E-04 , -3.03552300E-03 , -29.9066305419 , -5.04917500E-03 , -49.7455665025 , +8.75870000E-05
170.421999931 , 68 , +2.81810990E-04 , -3.03578300E-03 , -29.9091921182 , -5.04959400E-03 , -49.7496945813 , +8.73270000E-05
172.927999973 , 69 , +2.82057280E-04 , -3.03577000E-03 , -29.9090640394 , -5.05191100E-03 , -49.7725221675 , +8.77950000E-05
175.434999943 , 70 , +2.82220100E-04 , -3.03559700E-03 , -29.9073596059 , -5.05045800E-03 , -49.7582068966 , +8.75870000E-05
177.940999985 , 71 , +2.82802980E-04 , -3.03583200E-03 , -29.9096748768 , -5.32462000E-03 , -52.4593103448 , +8.75480000E-05
180.447999954 , 72 , +3.08038310E-04 , -3.03570800E-03 , -29.908453202 , -5.57137400E-03 , -54.8903842365 , +8.78600000E-05
182.953999996 , 73 , +3.17162030E-04 , -3.03564600E-03 , -29.9078423645 , -5.64960700E-03 , -55.6611527094 , +8.73400000E-05
185.460000038 , 74 , +3.11743810E-04 , -3.03569600E-03 , -29.9083349754 , -5.56103300E-03 , -54.7885024631 , +8.76000000E-05
187.967000008 , 75 , +3.10245610E-04 , -3.03575800E-03 , -29.9089458128 , -5.57331100E-03 , -54.9094679803 , +8.76260000E-05
190.473999977 , 76 , +3.11658320E-04 , -3.03572100E-03 , -29.9085812808 , -5.60086300E-03 , -55.1809162562 , +8.76260000E-05
192.980999947 , 77 , +3.15344470E-04 , -3.03564600E-03 , -29.9078423645 , -5.64299700E-03 , -55.5960295567 , +8.75740000E-05
195.486999989 , 78 , +3.11804180E-04 , -3.03538600E-03 , -29.9052807882 , -5.63582400E-03 , -55.5253596059 , +8.74440000E-05
197.993000031 , 79 , +3.14532650E-04 , -3.03543600E-03 , -29.905773399 , -5.66221100E-03 , -55.7853300493 , +8.72360000E-05
200.499000072 , 80 , +3.15067590E-04 , -3.03570800E-03 , -29.908453202 , -5.82086300E-03 , -57.3484039409 , +8.75740000E-05
203.005000114 , 81 , +3.32652020E-04 , -3.03544800E-03 , -29.9058916256 , -6.00816600E-03 , -59.1937536946 , +8.73400000E-05
205.510999918 , 82 , +3.31653620E-04 , -3.03578300E-03 , -29.9091921182 , -5.93765600E-03 , -58.4990738916 , +8.76780000E-05
208.01699996 , 83 , +3.31683270E-04 , -3.03564600E-03 , -29.9078423645 , -5.93757700E-03 , -58.4982955665 , +8.74180000E-05
210.523000002 , 84 , +3.31381680E-04 , -3.03542300E-03 , -29.9056453202 , -5.96968500E-03 , -58.8146305419 , +8.76390000E-05
213.029000044 , 85 , +3.34721610E-04 , -3.03554700E-03 , -29.9068669951 , -5.97718500E-03 , -58.8885221675 , +8.77300000E-05
215.535000086 , 86 , +3.33998220E-04 , -3.03532400E-03 , -29.9046699507 , -5.98239400E-03 , -58.9398423645 , +8.75220000E-05
218.041000128 , 87 , +3.33715060E-04 , -3.03549800E-03 , -29.9063842365 , -5.97367700E-03 , -58.8539605911 , +8.75480000E-05
220.548000097 , 88 , +3.35910220E-04 , -3.03541100E-03 , -29.9055270936 , -5.97197500E-03 , -58.8371921182 , +8.77560000E-05
223.055000067 , 89 , +3.33489200E-04 , -3.03528700E-03 , -29.9043054187 , -5.97030000E-03 , -58.8206896552 , +8.77300000E-05
225.561000109 , 90 , +3.33423350E-04 , -3.03547300E-03 , -29.906137931 , -5.96879500E-03 , -58.805862069 , +8.77300000E-05
228.069000006 , 91 , +3.33427230E-04 , -3.03552300E-03 , -29.9066305419 , -5.96863800E-03 , -58.8043152709 , +8.75480000E-05
230.575999975 , 92 , +3.33527800E-04 , -3.03552300E-03 , -29.9066305419 , -5.97060100E-03 , -58.8236551724 , +8.78210000E-05
233.082000017 , 93 , +3.33561730E-04 , -3.03542300E-03 , -29.9056453202 , -5.97109800E-03 , -58.8285517241 , +8.75090000E-05
235.589999914 , 94 , +3.33555180E-04 , -3.03560900E-03 , -29.9074778325 , -5.97154300E-03 , -58.8329359606 , +8.75870000E-05
238.097000122 , 95 , +3.33607540E-04 , -3.03556000E-03 , -29.9069950739 , -5.97209300E-03 , -58.8383546798 , +8.78080000E-05
240.601999998 , 96 , +3.33600460E-04 , -3.03549800E-03 , -29.9063842365 , -5.97206700E-03 , -58.8380985222 , +8.80160000E-05
243.107000113 , 97 , +3.33598060E-04 , -3.03537400E-03 , -29.9051625616 , -5.97191000E-03 , -58.8365517241 , +8.80030000E-05
245.614000082 , 98 , +3.33610080E-04 , -3.03552300E-03 , -29.9066305419 , -5.97218500E-03 , -58.8392610837 , +8.77690000E-05
248.118000031 , 99 , +3.33572550E-04 , -3.03554700E-03 , -29.9068669951 , -5.98299600E-03 , -58.945773399 , +8.80290000E-05
250.622999907 , 100 , +3.33793730E-04 , -3.03551000E-03 , -29.9065024631 , -6.01591500E-03 , -59.2700985222 , +8.74440000E-05
253.128000021 , 101 , +3.92468920E-04 , -3.03541100E-03 , -29.9055270936 , -7.67906900E-03 , -75.6558522167 , +8.79250000E-05
255.631999969 , 102 , +4.34718480E-04 , -3.03537400E-03 , -29.9051625616 , -7.28605900E-03 , -71.7838325123 , +8.76520000E-05
258.137000084 , 103 , +3.94445010E-04 , -3.03527500E-03 , -29.9041871921 , -7.04418800E-03 , -69.4008669951 , +8.72620000E-05
260.64199996 , 104 , +3.93704660E-04 , -3.03528700E-03 , -29.9043054187 , -7.05106000E-03 , -69.4685714286 , +8.76390000E-05
263.148000002 , 105 , +3.93879100E-04 , -3.03534900E-03 , -29.9049162562 , -7.05129500E-03 , -69.4708866995 , +8.74180000E-05
265.65199995 , 106 , +3.93915030E-04 , -3.03517600E-03 , -29.9032118227 , -7.05176700E-03 , -69.4755369458 , +8.75220000E-05
268.157000065 , 107 , +3.93837690E-04 , -3.03516300E-03 , -29.9030837438 , -7.05079800E-03 , -69.4659901478 , +8.77170000E-05
270.661999941 , 108 , +3.93874420E-04 , -3.03530000E-03 , -29.9044334975 , -7.05192400E-03 , -69.4770837438 , +8.74440000E-05
273.166000128 , 109 , +3.94053130E-04 , -3.03517600E-03 , -29.9032118227 , -7.05768300E-03 , -69.5338226601 , +8.71450000E-05
275.671000004 , 110 , +3.94212740E-04 , -3.03520000E-03 , -29.9034482759 , -7.05827200E-03 , -69.5396256158 , +8.77690000E-05
278.176000118 , 111 , +3.94196980E-04 , -3.03532400E-03 , -29.9046699507 , -7.05763000E-03 , -69.5333004926 , +8.74960000E-05
280.681999922 , 112 , +3.93852250E-04 , -3.03506400E-03 , -29.9021083744 , -7.05155700E-03 , -69.4734679803 , +8.77300000E-05
283.187000036 , 113 , +3.93866540E-04 , -3.03523800E-03 , -29.9038226601 , -7.05187100E-03 , -69.4765615764 , +8.74700000E-05
285.691999912 , 114 , +3.93838630E-04 , -3.03531200E-03 , -29.9045517241 , -7.05126900E-03 , -69.4706305419 , +8.74830000E-05
288.197000027 , 115 , +3.93825270E-04 , -3.03528700E-03 , -29.9043054187 , -7.05098100E-03 , -69.4677931034 , +8.72880000E-05
290.701999903 , 116 , +3.93804170E-04 , -3.03525000E-03 , -29.9039408867 , -7.05051000E-03 , -69.4631527094 , +8.76260000E-05
293.207000017 , 117 , +3.93791080E-04 , -3.03526200E-03 , -29.9040591133 , -7.05056200E-03 , -69.4636650246 , +8.74700000E-05
295.711999893 , 118 , +3.93808970E-04 , -3.03556000E-03 , -29.9069950739 , -7.05087700E-03 , -69.4667684729 , +8.70800000E-05
298.219000101 , 119 , +3.92992090E-04 , -3.03503900E-03 , -29.901862069 , -7.34246000E-03 , -72.3395073892 , +8.74700000E-05
300.724999905 , 120 , +5.04344850E-04 , -3.03526200E-03 , -29.9040591133 , -9.08447500E-03 , -89.5022167488 , +8.78860000E-05
303.232000113 , 121 , +4.99692350E-04 , -3.03534900E-03 , -29.9049162562 , -8.93430500E-03 , -88.0227093596 , +8.70020000E-05
305.737999916 , 122 , +5.03590610E-04 , -3.03533700E-03 , -29.9047980296 , -8.22626800E-03 , -81.0469753695 , +8.73660000E-05
308.243999958 , 123 , +4.55346590E-04 , -3.03500200E-03 , -29.9014975369 , -8.16316600E-03 , -80.4252807882 , +8.74050000E-05
310.75 , 124 , +4.55372640E-04 , -3.03520000E-03 , -29.9034482759 , -8.15591400E-03 , -80.3538325123 , +8.72750000E-05
313.256000042 , 125 , +4.55225720E-04 , -3.03503900E-03 , -29.901862069 , -8.15108500E-03 , -80.3062561576 , +8.73400000E-05
315.763000011 , 126 , +4.55350470E-04 , -3.03487800E-03 , -29.9002758621 , -8.15417400E-03 , -80.3366896552 , +8.74050000E-05
318.269000053 , 127 , +4.55526640E-04 , -3.03502700E-03 , -29.9017438424 , -8.15727600E-03 , -80.3672512315 , +8.74310000E-05
320.776000023 , 128 , +4.55563900E-04 , -3.03507700E-03 , -29.9022364532 , -8.15730200E-03 , -80.3675073892 , +8.75480000E-05
323.282000065 , 129 , +4.55511950E-04 , -3.03525000E-03 , -29.9039408867 , -8.15659500E-03 , -80.3605418719 , +8.77300000E-05
325.789000034 , 130 , +4.55488970E-04 , -3.03528700E-03 , -29.9043054187 , -8.15599300E-03 , -80.3546108374 , +8.73270000E-05
328.296000004 , 131 , +4.55505940E-04 , -3.03543600E-03 , -29.905773399 , -8.15698800E-03 , -80.3644137931 , +8.71580000E-05
330.802000046 , 132 , +4.55526240E-04 , -3.03517600E-03 , -29.9032118227 , -8.15704000E-03 , -80.3649261084 , +8.71320000E-05
333.309000015 , 133 , +4.55510210E-04 , -3.03531200E-03 , -29.9045517241 , -8.15690900E-03 , -80.363635468 , +8.75090000E-05
335.815999985 , 134 , +4.55512880E-04 , -3.03502700E-03 , -29.9017438424 , -8.15670000E-03 , -80.3615763547 , +8.73530000E-05
338.322000027 , 135 , +4.55500330E-04 , -3.03522500E-03 , -29.9036945813 , -8.15701400E-03 , -80.3646699507 , +8.79120000E-05
340.828999996 , 136 , +4.55498720E-04 , -3.03525000E-03 , -29.9039408867 , -8.15683100E-03 , -80.3628669951 , +8.76130000E-05
343.335000038 , 137 , +4.55503670E-04 , -3.03521300E-03 , -29.9035763547 , -8.15651700E-03 , -80.359773399 , +8.74700000E-05
345.84100008 , 138 , +4.55501800E-04 , -3.03463100E-03 , -29.8978423645 , -8.15701400E-03 , -80.3646699507 , +8.76000000E-05
