Time (s) , Counter , SQUID voltage (V) , Calculated Mod Coil Current (uA) , Calculated Squid Current (uA) , Temp Probe Voltage (V) 
0.0 , 0 , -4.73720700E-05 , -18.3173300493 , -64.0053694581 , +1.10238000E-04
3.75999999046 , 1 , -4.73982600E-05 , -18.3133103448 , -64.0118128079 , +1.10225000E-04
7.4849998951 , 2 , -4.73420200E-05 , -18.755408867 , -64.0196847291 , +1.10719000E-04
11.2109999657 , 3 , -4.72620300E-05 , -19.594591133 , -64.0177438424 , +1.10563000E-04
14.9370000362 , 4 , -4.71698700E-05 , -20.6810837438 , -64.0159408867 , +1.10641000E-04
18.6619999409 , 5 , -4.71428700E-05 , -20.7079310345 , -64.0190344828 , +1.10693000E-04
22.3870000839 , 6 , -4.69241000E-05 , -22.4668374384 , -64.0222561576 , +1.10628000E-04
26.1119999886 , 7 , -4.69732600E-05 , -22.4542660099 , -64.0211034483 , +1.10524000E-04
29.8380000591 , 8 , -4.67886700E-05 , -23.8242857143 , -64.0270344828 , +1.10628000E-04
33.5629999638 , 9 , -4.68060200E-05 , -23.812817734 , -64.0247093596 , +1.10784000E-04
37.2880001068 , 10 , -4.66733900E-05 , -25.1780788177 , -64.0267684729 , +1.10550000E-04
41.013999939 , 11 , -4.66731300E-05 , -25.1642857143 , -64.0272906404 , +1.10589000E-04
44.739000082 , 12 , -4.65188700E-05 , -26.499270936 , -64.0272906404 , +1.10979000E-04
48.4639999866 , 13 , -4.62661600E-05 , -28.3714581281 , -64.0311625616 , +1.11070000E-04
52.1900000572 , 14 , -4.60985400E-05 , -29.9552019704 , -64.0316748768 , +1.10914000E-04
55.9160001278 , 15 , -4.60952000E-05 , -29.8764729064 , -64.0345123153 , +1.10641000E-04
59.6410000324 , 16 , -4.57534000E-05 , -32.6110246305 , -64.0314187192 , +1.10550000E-04
63.367000103 , 17 , -4.56728700E-05 , -34.2938916256 , -64.0270344828 , +1.11122000E-04
67.0910000801 , 18 , -4.53926500E-05 , -36.2430935961 , -64.0308965517 , +1.10628000E-04
70.8159999847 , 19 , -4.49052700E-05 , -39.7781280788 , -64.0290935961 , +1.10628000E-04
74.5410001278 , 20 , -4.49241100E-05 , -39.5319211823 , -64.0337339901 , +1.10615000E-04
78.2660000324 , 21 , -4.45311600E-05 , -43.3710246305 , -64.0334778325 , +1.10784000E-04
81.9930000305 , 22 , -4.45471800E-05 , -43.4080098522 , -64.0363152709 , +1.10420000E-04
85.7190001011 , 23 , -4.41221600E-05 , -51.2573103448 , -64.0386403941 , +1.10628000E-04
89.4440000057 , 24 , -4.41422100E-05 , -50.863408867 , -64.0383743842 , +1.10238000E-04
93.1689999104 , 25 , -4.41908200E-05 , -56.2735566502 , -64.0347684729 , +1.10914000E-04
96.8940000534 , 26 , -4.45841800E-05 , -62.6597241379 , -64.0306403941 , +1.10576000E-04
100.621000051 , 27 , -4.45681400E-05 , -62.6765615764 , -64.0365714286 , +1.10420000E-04
104.345000029 , 28 , -4.45413000E-05 , -62.5766009852 , -64.0342561576 , +1.10628000E-04
108.069999933 , 29 , -4.45759000E-05 , -62.2086995074 , -64.0383743842 , +1.10654000E-04
111.795000076 , 30 , -4.51637200E-05 , -68.7635369458 , -64.0319310345 , +1.11226000E-04
115.520999908 , 31 , -4.66016800E-05 , -81.8662463054 , -64.0350246305 , +1.10719000E-04
119.245000124 , 32 , -4.66024800E-05 , -82.3159408867 , -64.0352807882 , +1.10563000E-04
122.970000029 , 33 , -4.75099200E-05 , -90.8576945813 , -64.0314187192 , +1.10875000E-04
126.696000099 , 34 , -4.74686500E-05 , -90.1004236453 , -64.0311625616 , +1.10771000E-04
130.421000004 , 35 , -4.84156200E-05 , -103.280660099 , -64.0308965517 , +1.10771000E-04
134.130000114 , 36 , -4.84057500E-05 , -103.260768473 , -64.0278029557 , +1.10914000E-04
137.838000059 , 37 , -4.91161800E-05 , -131.30920197 , -64.0334778325 , +1.10576000E-04
141.546000004 , 38 , -4.91535700E-05 , -130.495546798 , -64.0350246305 , +1.10758000E-04
145.255000114 , 39 , -4.91464900E-05 , -131.308600985 , -64.0401871921 , +1.10862000E-04
148.963999987 , 40 , -4.88444900E-05 , -113.746955665 , -64.0350246305 , +1.10810000E-04
152.674000025 , 41 , -4.88633200E-05 , -113.777842365 , -64.0347684729 , +1.10914000E-04
156.381999969 , 42 , -4.88467600E-05 , -115.474738916 , -64.0311625616 , +1.10771000E-04
160.09100008 , 43 , -4.88421000E-05 , -113.58217734 , -64.0327093596 , +1.11395000E-04
163.798000097 , 44 , -4.90821000E-05 , -133.59591133 , -64.0342561576 , +1.10784000E-04
167.507999897 , 45 , -4.89114200E-05 , -167.714128079 , -64.0321871921 , +1.10784000E-04
171.21600008 , 46 , -4.74430000E-05 , -164.922699507 , -64.0360591133 , +1.10706000E-04
174.924000025 , 47 , -4.84502200E-05 , -152.687103448 , -64.035408867 , +1.11200000E-04
178.631999969 , 48 , -4.72793800E-05 , -168.156719212 , -64.0360591133 , +1.11395000E-04
182.34100008 , 49 , -4.73866400E-05 , -165.880029557 , -64.0373497537 , +1.10784000E-04
186.051000118 , 50 , -4.44490100E-05 , -209.099270936 , -64.0342561576 , +1.10680000E-04
189.757999897 , 51 , -4.40491200E-05 , -208.001448276 , -64.0366995074 , +1.10524000E-04
193.467000008 , 52 , -4.78358200E-05 , -160.364068966 , -64.0386403941 , +1.10732000E-04
197.174000025 , 53 , -4.43647200E-05 , -199.079970443 , -64.0358029557 , +1.10654000E-04
200.882999897 , 54 , -4.41544900E-05 , -205.084187192 , -64.0360591133 , +1.10745000E-04
204.592000008 , 55 , -4.86389500E-05 , -258.482246305 , -64.0352807882 , +1.10992000E-04
208.301000118 , 56 , -4.85162000E-05 , -256.853458128 , -64.0356748768 , +1.10576000E-04
212.009000063 , 57 , -4.67478000E-05 , -228.982630542 , -64.0345123153 , +1.10940000E-04
215.717999935 , 58 , -4.66970400E-05 , -229.057576355 , -64.0370935961 , +1.10550000E-04
219.427999973 , 59 , -4.86101000E-05 , -293.688256158 , -64.0363152709 , +1.10485000E-04
223.135999918 , 60 , -4.85947400E-05 , -295.106118227 , -64.0345123153 , +1.10745000E-04
226.844000101 , 61 , -4.39587000E-05 , -358.610847291 , -64.0351527094 , +1.10524000E-04
230.552000046 , 62 , -4.76446900E-05 , -243.104551724 , -64.0396650246 , +1.11148000E-04
234.25999999 , 63 , -4.78596000E-05 , -243.650778325 , -64.0347684729 , +1.10706000E-04
