Time (s) 	 Counter 	 SQUID voltage (V) 	 SQUID Loop Voltage (V) 	 Calculated Squid Current (uA) 	 Temp Probe Voltage (V) 					 Calculated Squid Current (uA) 	 SQUID voltage (V) 
0	0	0.000168264	-0.003006427	-29.61997044	0.000088432					-29.61997044	0.000168264
2.351999998	1	0.000168278	-0.003006689	-29.62255172	0.000088042					-29.62255172	0.000168278
4.41899991	2	0.000168275	-0.003005982	-29.61558621	0.000088328					-29.61558621	0.000168275
6.486000061	3	0.000168273	-0.003006506	-29.62074877	0.000088224					-29.62074877	0.000168273
8.553999901	4	0.000168263	-0.003006427	-29.61997044	0.000088224					-29.61997044	0.000168263
10.62100005	5	0.00016826	-0.003006479	-29.62048276	0.000088094					-29.62048276	0.00016826
12.68799996	6	0.000168269	-0.003006427	-29.61997044	0.000088458					-29.61997044	0.000168269
14.75600004	7	0.000168265	-0.00300627	-29.61842365	0.000088211					-29.61842365	0.000168265
16.82299995	8	0.00016828	-0.003006401	-29.61971429	0.00008864					-29.61971429	0.00016828
18.89100003	9	0.000168285	-0.003006113	-29.61687685	0.000088185					-29.61687685	0.000168285
20.95799994	10	0.000168273	-0.003006322	-29.61893596	0.000088211					-29.61893596	0.000168273
23.02499986	11	0.00016829	-0.003006715	-29.62280788	0.000088133					-29.62280788	0.00016829
25.09299994	12	0.000168283	-0.003006479	-29.62048276	0.000088146					-29.62048276	0.000168283
27.16000009	13	0.000168286	-0.003006453	-29.6202266	0.000087938					-29.6202266	0.000168286
29.227	14	0.000168283	-0.00300627	-29.61842365	0.000088146					-29.61842365	0.000168283
31.296	15	0.000168288	-0.003006165	-29.61738916	0.000088354					-29.61738916	0.000168288
33.36299992	16	0.000168276	-0.003006584	-29.62151724	0.000088276					-29.62151724	0.000168276
35.43000007	17	0.000168272	-0.003006349	-29.61920197	0.000088315					-29.61920197	0.000168272
37.49699998	18	0.000168281	-0.003006388	-29.61958621	0.000088159					-29.61958621	0.000168281
39.56399989	19	0.000168269	-0.003006139	-29.617133	0.000088367					-29.617133	0.000168269
41.63100004	20	0.00016828	-0.003006349	-29.61920197	0.000088341					-29.61920197	0.00016828
43.69799995	21	0.000168288	-0.003006375	-29.61945813	0.000088224					-29.61945813	0.000168288
45.76499987	22	0.00016828	-0.003006506	-29.62074877	0.00008825					-29.62074877	0.00016828
47.83299994	23	0.000168289	-0.00300661	-29.6217734	0.000088341					-29.6217734	0.000168289
49.90100002	24	0.000168283	-0.003006414	-29.61984236	0.000088211					-29.61984236	0.000168283
51.96799994	25	0.000168291	-0.003006113	-29.61687685	0.000088198					-29.61687685	0.000168291
54.03600001	26	0.000168281	-0.00300627	-29.61842365	0.000088432					-29.61842365	0.000168281
56.10299993	27	0.000168297	-0.003006584	-29.62151724	0.000088445					-29.62151724	0.000168297
58.17000008	28	0.000168285	-0.003006322	-29.61893596	0.000088159					-29.61893596	0.000168285
60.23799992	29	0.000168289	-0.003006637	-29.62203941	0.000088094					-29.62203941	0.000168289
62.30500007	30	0.000168293	-0.003006375	-29.61945813	0.000088042					-29.61945813	0.000168293
64.37199998	31	0.000168293	-0.003006244	-29.61816749	0.000088146					-29.61816749	0.000168293
66.44099998	32	0.000168291	-0.003006637	-29.62203941	0.00008838					-29.62203941	0.000168291
68.5079999	33	0.00016831	-0.003006453	-29.6202266	0.000088328					-29.6202266	0.00016831
70.57500005	34	0.00016831	-0.003006532	-29.62100493	0.000088224					-29.62100493	0.00016831
72.64299989	35	0.000168307	-0.003006663	-29.62229557	0.00008825					-29.62229557	0.000168307
74.71000004	36	0.000168311	-0.003006414	-29.61984236	0.000088341					-29.61984236	0.000168311
76.77699995	37	0.000168297	-0.003006283	-29.61855172	0.000088302					-29.61855172	0.000168297
78.84500003	38	0.000168316	-0.003006558	-29.62126108	0.000088094					-29.62126108	0.000168316
80.91199994	39	0.000168307	-0.00300644	-29.62009852	0.000088042					-29.62009852	0.000168307
82.97899985	40	0.000168311	-0.003006466	-29.62035468	0.000088302					-29.62035468	0.000168311
85.04799986	41	0.000168294	-0.003006754	-29.62319212	0.00008851					-29.62319212	0.000168294
87.11500001	42	0.000168307	-0.00300644	-29.62009852	0.000088224					-29.62009852	0.000168307
89.18199992	43	0.000168301	-0.003006401	-29.61971429	0.000088094					-29.61971429	0.000168301
91.24900007	44	0.000168297	-0.003006244	-29.61816749	0.00008812					-29.61816749	0.000168297
93.31599998	45	0.000168291	-0.00300661	-29.6217734	0.000088367					-29.6217734	0.000168291
95.38400006	46	0.000168297	-0.003006754	-29.62319212	0.000088263					-29.62319212	0.000168297
97.4519999	47	0.000168303	-0.003006244	-29.61816749	0.000088536					-29.61816749	0.000168303
99.51799989	48	0.000168315	-0.003006479	-29.62048276	0.000088484					-29.62048276	0.000168315
101.586	49	0.000168304	-0.003006205	-29.61778325	0.000088302					-29.61778325	0.000168304
103.6529999	50	0.00016831	-0.003006375	-29.61945813	0.000088458					-29.61945813	0.00016831
105.721	51	0.000168326	-0.003006349	-29.61920197	0.000088146					-29.61920197	0.000168326
107.7869999	52	0.000168319	-0.003006519	-29.62087685	0.00008838					-29.62087685	0.000168319
109.855	53	0.000168326	-0.003006571	-29.62138916	0.000088198					-29.62138916	0.000168326
111.9219999	54	0.000168329	-0.003006479	-29.62048276	0.000088302					-29.62048276	0.000168329
113.9890001	55	0.00016833	-0.003006322	-29.61893596	0.0000889					-29.61893596	0.00016833
116.056	56	0.000168322	-0.00300661	-29.6217734	0.000087886					-29.6217734	0.000168322
118.1240001	57	0.000168324	-0.00300644	-29.62009852	0.000088224					-29.62009852	0.000168324
120.191	58	0.000168314	-0.003006584	-29.62151724	0.000088419					-29.62151724	0.000168314
122.2590001	59	0.000168316	-0.003006283	-29.61855172	0.00008838					-29.61855172	0.000168316
124.326	60	0.000168324	-0.00300644	-29.62009852	0.000088159					-29.62009852	0.000168324
126.3929999	61	0.000168319	-0.003006545	-29.621133	0.000088107					-29.621133	0.000168319
128.461	62	0.000168334	-0.003006414	-29.61984236	0.000088107					-29.61984236	0.000168334
130.5279999	63	0.000168319	-0.003006623	-29.62190148	0.000088276					-29.62190148	0.000168319
132.595	64	0.00016832	-0.003006571	-29.62138916	0.000088055					-29.62138916	0.00016832
134.6629999	65	0.000168326	-0.003006218	-29.61791133	0.000088042					-29.61791133	0.000168326
136.7309999	66	0.000168322	-0.00300644	-29.62009852	0.000088107					-29.62009852	0.000168322
138.7979999	67	0.000168315	-0.003006466	-29.62035468	0.000088484					-29.62035468	0.000168315
140.8659999	68	0.000168308	-0.003006205	-29.61778325	0.000088432					-29.61778325	0.000168308
142.9330001	69	0.000168321	-0.003006951	-29.625133	0.000087899					-29.625133	0.000168321
145.0009999	70	0.000168305	-0.003006466	-29.62035468	0.000088341					-29.62035468	0.000168305
147.0680001	71	0.000168316	-0.003006414	-29.61984236	0.000088172					-29.61984236	0.000168316
149.135	72	0.000168306	-0.003006466	-29.62035468	0.000088068					-29.62035468	0.000168306
151.2030001	73	0.000168298	-0.00300678	-29.62344828	0.000087964					-29.62344828	0.000168298
153.2709999	74	0.00016831	-0.003006506	-29.62074877	0.000088237					-29.62074877	0.00016831
155.3380001	75	0.000168306	-0.003006466	-29.62035468	0.000088172					-29.62035468	0.000168306
157.405	76	0.000168311	-0.003006414	-29.61984236	0.000088198					-29.61984236	0.000168311
159.4730001	77	0.000168307	-0.003006584	-29.62151724	0.000088172					-29.62151724	0.000168307
161.54	78	0.000168319	-0.003006466	-29.62035468	0.000087626					-29.62035468	0.000168319
163.608	79	0.000168306	-0.003006493	-29.62062069	0.000088146					-29.62062069	0.000168306
165.675	80	0.00016831	-0.003006584	-29.62151724	0.000088393					-29.62151724	0.00016831
167.7419999	81	0.000168316	-0.003006807	-29.62371429	0.000088172					-29.62371429	0.000168316
169.8109999	82	0.000168303	-0.003006532	-29.62100493	0.000088263					-29.62100493	0.000168303
171.8799999	83	0.000168307	-0.003006924	-29.624867	0.000087938					-29.624867	0.000168307
173.948	84	0.000168307	-0.003006702	-29.6226798	0.000087964					-29.6226798	0.000168307
176.0149999	85	0.000168296	-0.003006493	-29.62062069	0.000088133					-29.62062069	0.000168296
178.0829999	86	0.000168302	-0.003006375	-29.61945813	0.000088172					-29.61945813	0.000168302
180.1499999	87	0.000168305	-0.003006584	-29.62151724	0.000087938					-29.62151724	0.000168305
182.2179999	88	0.00016832	-0.003006728	-29.62293596	0.00008838					-29.62293596	0.00016832
184.2850001	89	0.000168303	-0.00300665	-29.62216749	0.000088172					-29.62216749	0.000168303
186.352	90	0.000168299	-0.003006335	-29.61906404	0.00008851					-29.61906404	0.000168299
188.421	91	0.000168309	-0.00300627	-29.61842365	0.000087938					-29.61842365	0.000168309
190.4879999	92	0.000168317	-0.003006702	-29.6226798	0.000088146					-29.6226798	0.000168317
192.5550001	93	0.000168309	-0.003006388	-29.61958621	0.000088276					-29.61958621	0.000168309
194.6229999	94	0.000168325	-0.003006794	-29.62358621	0.000088224					-29.62358621	0.000168325
196.6900001	95	0.000168317	-0.003006663	-29.62229557	0.000087782					-29.62229557	0.000168317
198.7579999	96	0.000168329	-0.003006414	-29.61984236	0.000088198					-29.61984236	0.000168329
200.825	97	0.000168325	-0.003006728	-29.62293596	0.000088094					-29.62293596	0.000168325
202.892	98	0.00016831	-0.003006113	-29.61687685	0.000088367					-29.61687685	0.00016831
204.96	99	0.000168311	-0.003006218	-29.61791133	0.000088133					-29.61791133	0.000168311
207.029	100	0.000168319	-0.003006322	-29.61893596	0.00008812					-29.61893596	0.000168319
											
										-29.62032356	0.000168302
										0.00180085	1.78334E-08
