Counter,Time(s),Temperature Voltage(V),Magnet Current(A),Field Coil Current(mA),SQUID Voltage(uV),Mod Current(uA),Pickup Loop Current(uA),
0,0.0090000629425,+1.57101020E+00,,,-34.89931,-0.0119248630887,-47.3720295567
1,4.1779999733,+1.57100900E+00,,,-34.88983,-0.011974041621,-47.3680591133
2,6.72200012207,+1.57100650E+00,,,-34.91268,-2.12642552026,-47.3708768473
3,9.25,+1.57100400E+00,,,-34.94741,-4.2471584885,-47.3680591133
4,11.7769999504,+1.57099900E+00,,,-34.98158,-6.35890010953,-47.3724137931
5,14.3050000668,+1.57100400E+00,,,-35.03594,-8.49531270537,-47.3684433498
6,16.8330001831,+1.57100150E+00,,,-35.04931,-10.6435038335,-47.3680591133
7,19.3380000591,+1.57100030E+00,,,-35.1189,-12.7423384447,-47.3726699507
8,21.8440001011,+1.57100400E+00,,,-35.20078,-14.8953910186,-47.3690837438
9,24.3489999771,+1.57100650E+00,,,-35.3135,-16.9965377875,-47.3665221675
10,26.8540000916,+1.57100770E+00,,,-35.38536,-19.0946922234,-47.3712610837
11,29.3600001335,+1.57101020E+00,,,-35.4874,-21.209754655,-47.3736945813
12,31.8660001755,+1.57100520E+00,,,-35.57156,-23.3069550931,-47.3734384236
13,34.371999979,+1.57100900E+00,,,-35.67947,-25.5032278204,-47.370364532
14,36.8790001869,+1.57101020E+00,,,-35.7369,-27.611,-47.3713891626
15,39.3840000629,+1.57101140E+00,,,-35.88769,-29.7311248631,-47.3721576355
16,41.8900001049,+1.57101020E+00,,,-36.01031,-31.8157513691,-47.3701083744
17,44.3960001469,+1.57100650E+00,,,-36.14041,-33.9373231106,-47.36408867
18,46.9019999504,+1.57100150E+00,,,-36.24337,-36.0209802848,-47.367546798
19,49.4070000648,+1.57100030E+00,,,-36.37321,-38.1363296824,-47.3688275862
20,51.9140000343,+1.57100280E+00,,,-36.49342,-40.2191599124,-47.3710049261
21,54.4200000763,+1.57100770E+00,,,-36.63272,-42.4331380066,-47.3686995074
22,56.9249999523,+1.57100150E+00,,,-36.74732,-44.5160284775,-47.3642167488
23,59.4309999943,+1.57099900E+00,,,-36.88062,-46.6298006572,-47.3631921182
24,61.9370000362,+1.57100030E+00,,,-37.01459,-48.7139463308,-47.3665221675
25,64.4420001507,+1.57100400E+00,,,-37.13307,-50.8317393209,-47.3649852217
26,66.9479999542,+1.57100150E+00,,,-37.24246,-52.9140909091,-47.3701083744
27,69.4539999962,+1.57100030E+00,,,-37.35985,-55.2314063527,-47.3706206897
28,71.9590001106,+1.57100770E+00,,,-37.47565,-57.4785202629,-47.3652413793
29,74.4650001526,+1.57100520E+00,,,-37.52467,-59.5317261774,-47.3676748768
30,76.9709999561,+1.57100650E+00,,,-37.63246,-61.6477820372,-47.3657536946
31,79.4760000706,+1.57100150E+00,,,-37.6971,-63.7698696605,-47.3674187192
32,81.9830000401,+1.57101020E+00,,,-37.78405,-65.8924337349,-47.3690837438
33,84.4880001545,+1.57100520E+00,,,-37.8415,-67.9483658269,-47.3662660099
34,86.993999958,+1.57100150E+00,,,-37.8726,-70.0668061336,-47.3678029557
35,89.4990000725,+1.57100770E+00,,,-37.92068,-72.1890843373,-47.3693399015
36,92.0050001144,+1.57100400E+00,,,-37.96129,-74.3734008762,-47.3634482759
37,94.5110001564,+1.57100400E+00,,,-37.97533,-76.5011971522,-47.3644729064
38,97.0160000324,+1.57100400E+00,,,-37.99389,-78.623890471,-47.3667783251
39,99.5220000744,+1.57100030E+00,,,-38.04625,-80.7479255203,-47.3654975369
40,102.028000116,+1.57100520E+00,,,-38.07403,-82.8091073384,-47.3660098522
41,104.534000158,+1.57100770E+00,,,-38.02166,-84.9276330778,-47.3639605911
42,107.039999962,+1.57101020E+00,,,-37.99015,-87.0491412924,-47.3657536946
43,109.546000004,+1.57101020E+00,,,-37.95128,-88.9129682366,-47.362679803
44,112.052000046,+1.57100650E+00,,,-37.904,-91.5454403067,-47.3622955665
45,114.559000015,+1.57101020E+00,,,-37.85018,-93.2781927711,-47.3635763547
46,117.06400013,+1.57101270E+00,,,-37.77937,-95.9128608981,-47.3674187192
47,119.568000078,+1.57100650E+00,,,-37.72315,-97.645973713,-47.3660098522
48,122.075000048,+1.57100900E+00,,,-37.64502,-99.4446516977,-47.3617832512
49,124.58100009,+1.57101020E+00,,,-37.53844,-102.011388828,-47.3617832512
50,127.085999966,+1.57100280E+00,,,-37.4639,-103.80666046,-47.3579408867
51,129.59100008,+1.57100520E+00,,,-37.36667,-106.442543264,-47.22791133
52,132.09800005,+1.57100400E+00,,,-37.25755,-108.173223439,-47.3635763547
53,134.604000092,+1.57100650E+00,,,-37.15816,-109.909550931,-47.3646009852
54,137.070000172,+1.57100650E+00,,,-36.99349,-113.250186199,-47.3654975369
55,139.536000013,+1.57100280E+00,,,-36.87474,-115.060876232,-47.3622955665
56,142.001000166,+1.57100030E+00,,,-36.72583,-117.64407448,-47.363320197
57,144.46600008,+1.57100650E+00,,,-36.62417,-119.457940854,-47.3630640394
58,146.930999994,+1.57100520E+00,,,-36.46698,-122.039682366,-47.3607586207
59,149.396000147,+1.57100280E+00,,,-36.34983,-123.846308872,-47.3601182266
60,151.861000061,+1.57100520E+00,,,-36.24739,-125.656122673,-47.3644729064
61,154.327000141,+1.57100400E+00,,,-36.07923,-128.24422782,-47.363320197
62,156.792999983,+1.57100280E+00,,,-35.99375,-130.052157722,-47.3622955665
63,159.258000135,+1.57100280E+00,,,-35.79675,-132.655476451,-47.3630640394
64,161.723999977,+1.57100280E+00,,,-42.88184,-134.45905805,-47.3685714286
65,164.18900013,+1.57100770E+00,,,-35.60655,-136.139441402,-47.3672906404
66,166.654000044,+1.57100400E+00,,,-35.47699,-138.860186199,-47.3665221675
67,169.118999958,+1.57100400E+00,,,-35.40861,-140.526955093,-47.3642167488
68,171.584000111,+1.57100280E+00,,,-35.26688,-143.248554217,-47.3656256158
69,174.049000025,+1.57100770E+00,,,-35.16792,-144.925465498,-47.3631921182
70,176.514000177,+1.57100520E+00,,,-35.11169,-146.733242059,-47.3631921182
71,178.979000092,+1.57100520E+00,,,-34.98987,-149.316736035,-47.3621674877
72,181.445000172,+1.57100400E+00,,,-34.94365,-151.124808324,-47.3622955665
73,183.910000086,+1.57100280E+00,,,-34.85363,-153.714950712,-47.358453202
74,186.375,+1.57100650E+00,,,-34.83013,-155.522880613,-47.366137931
75,188.84100008,+1.57100400E+00,,,-34.78098,-158.233910186,-47.3613990148
76,191.30700016,+1.57100650E+00,,,-34.74024,-159.91313253,-47.3639605911
77,193.773000002,+1.57100900E+00,,,-34.73823,-161.724819277,-47.1082561576
78,196.238000154,+1.57100770E+00,,,-34.74011,-164.311916758,-47.3631921182
79,198.703000069,+1.57100520E+00,,,-34.76522,-166.125345016,-47.3630640394
80,201.167999983,+1.57100770E+00,,,-34.78725,-168.711577218,-47.3617832512
81,203.633000135,+1.57100280E+00,,,-34.81223,-170.522398686,-47.362679803
82,206.098999977,+1.57100400E+00,,,-34.88022,-172.204687842,-47.3642167488
83,208.565000057,+1.57100900E+00,,,-34.98854,-174.9133954,-47.3605024631
84,211.029999971,+1.57100520E+00,,,-35.06774,-176.719156627,-47.3608866995
85,213.495000124,+1.57100650E+00,,,-35.17072,-179.304370208,-47.36191133
86,215.960000038,+1.57100650E+00,,,-35.1969,-181.117951807,-47.3639605911
87,218.426000118,+1.57100400E+00,,,-35.29507,-183.699386637,-47.3616551724
88,220.891000032,+1.57100280E+00,,,-35.38202,-185.510646221,-47.3621674877
89,223.356000185,+1.57100400E+00,,,-35.43826,-187.19856517,-47.3610147783
90,225.822999954,+1.57100280E+00,,,-35.59077,-189.903077766,-47.3615270936
91,228.288000107,+1.57100280E+00,,,-35.65769,-191.58577218,-47.3643448276
92,230.754000187,+1.57100520E+00,,,-35.80209,-194.298389923,-47.3620394089
93,233.219000101,+1.57100520E+00,,,-35.87313,-195.982836802,-47.3616551724
94,235.684000015,+1.57100900E+00,,,-35.9864,-197.797141292,-47.3579408867
95,238.150000095,+1.57101020E+00,,,-36.10382,-200.378882804,-47.3630640394
96,240.61500001,+1.57101140E+00,,,-36.27383,-202.190427163,-47.3617832512
97,243.082000017,+1.57100650E+00,,,-36.42503,-204.773187295,-47.3576847291
98,245.54700017,+1.57100770E+00,,,-36.49154,-206.583559693,-47.3617832512
99,248.012000084,+1.57100650E+00,,,-36.59987,-208.393800657,-47.3602463054
100,250.476000071,+1.57100280E+00,,,-36.7707,-210.979594743,-47.3628078818
101,252.942000151,+1.57100520E+00,,,-36.88543,-212.792311062,-47.3617832512
102,255.407000065,+1.57100520E+00,,,-37.02954,-215.376221249,-47.3656256158
103,257.873000145,+1.57100520E+00,,,-37.09672,-217.181259584,-47.3593497537
104,260.338999987,+1.57100400E+00,,,-37.23697,-219.770405257,-47.3624236453
105,262.804000139,+1.57100520E+00,,,-37.36106,-222.111533406,-47.3592216749
106,265.269000053,+1.57100030E+00,,,-37.42477,-223.912365827,-47.3588374384
107,267.735000134,+1.57100400E+00,,,-37.54417,-226.489769989,-47.3553793103
108,270.200000048,+1.57099780E+00,,,-37.59279,-228.306823658,-47.357044335
109,272.664999962,+1.57100400E+00,,,-37.67574,-230.877261774,-47.3564039409
110,275.130000114,+1.57100280E+00,,,-37.74171,-232.685476451,-47.3581970443
111,277.595999956,+1.57100400E+00,,,-37.78031,-234.488630887,-47.3616551724
112,280.060000181,+1.57100400E+00,,,-37.86111,-237.076746988,-47.3587093596
113,282.525000095,+1.57099900E+00,,,-37.91428,-238.880470975,-47.3569162562
114,284.99000001,+1.57100280E+00,,,-37.95181,-241.463822563,-47.3603743842
115,287.455000162,+1.57100030E+00,,,-37.9613,-243.269430449,-47.3539605911
116,289.920000076,+1.57100150E+00,,,-37.96664,-245.072004381,-47.3589655172
117,292.386000156,+1.57099900E+00,,,-37.98066,-247.645060241,-47.3575566502
118,294.851000071,+1.57100280E+00,,,-37.94554,-249.463417306,-47.3576847291
119,297.317000151,+1.57100150E+00,,,-37.95688,-252.03558598,-47.3589655172
120,299.782999992,+1.57100520E+00,,,-37.92576,-253.845542169,-47.3558916256
121,302.248000145,+1.57100400E+00,,,-37.90706,-256.431040526,-47.357044335
122,304.713000059,+1.57100400E+00,,,-37.85671,-258.246933187,-47.3593497537
123,307.179000139,+1.57100400E+00,,,-37.81051,-260.044731654,-47.3548571429
124,309.644000053,+1.57100030E+00,,,-37.72904,-262.633428258,-47.3579408867
125,312.110000134,+1.57100030E+00,,,-37.67694,-264.47101862,-47.3564039409
126,314.575999975,+1.57100030E+00,,,-37.58184,-267.05203724,-47.3601182266
127,317.041000128,+1.57100030E+00,,,-37.5435,-268.846363636,-47.3589655172
128,319.506000042,+1.57100280E+00,,,-37.47031,-270.660952903,-47.3608866995
129,321.970000029,+1.57100400E+00,,,-37.3608,-273.251522453,-47.3579408867
130,324.435000181,+1.57100150E+00,,,-37.25354,-275.054972618,-47.3569162562
131,326.899000168,+1.57100030E+00,,,-37.14041,-277.633242059,-47.3565320197
132,329.364000082,+1.57099900E+00,,,-37.01752,-279.441467689,-47.35408867
133,331.830000162,+1.57100150E+00,,,-36.8873,-282.020744797,-47.357044335
134,334.294000149,+1.57100150E+00,,,-36.78753,-283.823318729,-47.3555073892
135,336.758000135,+1.57099780E+00,,,-36.68655,-285.366462212,-47.3560197044
136,339.222000122,+1.57100150E+00,,,-36.54697,-288.215717415,-47.3551231527
137,341.686000109,+1.57100400E+00,,,-36.45882,-289.767404162,-47.3596059113
138,344.150000095,+1.57100280E+00,,,-36.29093,-292.597141292,-47.35408867
139,346.614000082,+1.57100280E+00,,,-36.21092,-294.152146769,-47.3543448276
140,349.078999996,+1.57100400E+00,,,-36.08777,-295.959496166,-47.3542167488
141,351.542999983,+1.57100280E+00,,,-35.93337,-298.797502738,-47.353320197
142,354.006999969,+1.57099780E+00,,,-35.85231,-300.336878423,-47.3553793103
143,356.470999956,+1.57100650E+00,,,-35.71713,-303.188619934,-47.3506305419
144,358.935000181,+1.57100150E+00,,,-35.66303,-304.7350931,-47.3510147783
145,361.400000095,+1.57100150E+00,,,-35.57223,-306.543603505,-47.3549852217
146,363.86500001,+1.57100030E+00,,,-35.47325,-309.114337349,-47.3513990148
147,366.330000162,+1.57100150E+00,,,-35.45536,-310.931949617,-47.3546009852
148,368.794000149,+1.57100030E+00,,,-35.36933,-313.508335159,-47.3517832512
149,371.258000135,+1.57100400E+00,,,-35.26407,-315.306276013,-47.3530640394
150,373.722000122,+1.57100030E+00,,,-35.22522,-317.879331873,-47.3539605911
151,376.185000181,+1.57100030E+00,,,-35.20557,-319.700438116,-47.3528078818
152,378.649000168,+1.57100030E+00,,,-35.17941,-321.504457831,-47.35191133
153,381.113000154,+1.57099900E+00,,,-35.12211,-324.085618839,-47.3529359606
154,383.578000069,+1.57100400E+00,,,-35.11596,-325.895870756,-47.3535763547
155,386.042000055,+1.57099660E+00,,,-35.15684,-328.485136911,-47.3473004926
156,388.506000042,+1.57100400E+00,,,-35.17847,-330.2932092,-47.3561477833
157,390.970000029,+1.57100280E+00,,,-35.17647,-332.108959474,-47.3576847291
158,393.434000015,+1.57100030E+00,,,-35.25821,-334.685903614,-47.3521674877
159,395.899000168,+1.57100280E+00,,,-35.35585,-336.494118291,-47.352679803
160,398.364000082,+1.57100650E+00,,,-35.44574,-339.075136911,-47.3546009852
161,400.83100009,+1.57100520E+00,,,-35.50237,-340.886834611,-47.3525517241
162,403.296000004,+1.57100400E+00,,,-35.56606,-342.686506024,-47.35408867
163,405.762000084,+1.57100520E+00,,,-35.65517,-345.270843373,-47.3537044335
164,408.226999998,+1.57100280E+00,,,-35.74825,-347.075443593,-47.352679803
165,410.693000078,+1.57100520E+00,,,-35.90654,-349.658926616,-47.3537044335
166,413.157000065,+1.57100400E+00,,,-35.98307,-351.454403067,-47.3511428571
167,415.623000145,+1.57100650E+00,,,-36.10248,-354.045125958,-47.3511428571
168,418.088999987,+1.57100650E+00,,,-36.20225,-355.862322015,-47.3478128079
169,420.555000067,+1.57100150E+00,,,-36.32366,-357.665038335,-47.3508866995
170,423.019000053,+1.57100030E+00,,,-36.45762,-360.244611172,-47.3473004926
171,425.485000134,+1.57100150E+00,,,-36.53575,-362.049934283,-47.3499901478
172,427.950000048,+1.57100030E+00,,,-36.71446,-364.632256298,-47.3553793103
173,430.414999962,+1.57100650E+00,,,-36.82066,-366.431204819,-47.3480689655
174,432.880000114,+1.57100650E+00,,,-36.92189,-368.244326396,-47.3505024631
175,435.345999956,+1.57100400E+00,,,-37.06215,-370.827228916,-47.3520394089
176,437.811000109,+1.57100400E+00,,,-37.16605,-372.624008762,-47.3474285714
177,440.27699995,+1.57100280E+00,,,-37.30857,-375.202573932,-47.349862069
178,442.742000103,+1.57100030E+00,,,-37.40045,-377.020492881,-47.349862069
179,445.208000183,+1.57100280E+00,,,-37.57382,-379.595980285,-47.3490935961
180,447.673000097,+1.57100280E+00,,,-37.64515,-381.400733844,-47.3493497537
181,450.138000011,+1.57099900E+00,,,-37.72502,-383.208083242,-47.347044335
182,452.604000092,+1.57100030E+00,,,-37.85993,-385.791708653,-47.3448669951
183,455.070000172,+1.57100520E+00,,,-37.93873,-387.595147864,-47.3521674877
184,457.536000013,+1.57099780E+00,,,-38.04251,-390.18354874,-47.3478128079
185,460.001000166,+1.57100280E+00,,,-38.08084,-391.984676889,-47.3474285714
186,462.46600008,+1.57100030E+00,,,-38.14896,-393.542146769,-47.3481970443
187,464.930999994,+1.57100150E+00,,,-38.25981,-396.375651698,-47.345635468
188,467.396000147,+1.57100280E+00,,,-38.30149,-398.198630887,-47.3446108374
189,469.861000061,+1.57099900E+00,,,-38.33275,-400.773570646,-47.3471724138
190,472.327000141,+1.57099900E+00,,,-38.37187,-402.576976999,-47.3492216749
191,474.792999983,+1.57100650E+00,,,-38.38509,-404.130109529,-47.3474285714
192,477.258000135,+1.57100280E+00,,,-38.38015,-406.976495071,-47.3462758621
193,479.72300005,+1.57100150E+00,,,-38.33902,-408.518192771,-47.347044335
194,482.18900013,+1.57100280E+00,,,-38.30643,-411.355607886,-47.3492216749
195,484.654000044,+1.57100280E+00,,,-38.32914,-413.158148959,-47.348453202
196,487.118999958,+1.57100150E+00,,,-38.26475,-415.739463308,-47.3505024631
197,489.585000038,+1.57100150E+00,,,-38.21895,-417.537261774,-47.3487093596
198,492.049999952,+1.57100150E+00,,,-38.19959,-419.093285871,-47.3488374384
199,494.516000032,+1.57100280E+00,,,-38.04851,-421.946473165,-47.3511428571
200,496.980000019,+1.57099780E+00,,,-37.94392,-423.492070099,-47.3460197044
201,499.446000099,+1.57100030E+00,,,-37.83442,-426.32354874,-47.3513990148
202,501.910000086,+1.57100150E+00,,,-37.77244,-427.873493976,-47.3446108374
203,504.374000072,+1.57100030E+00,,,-37.7102,-429.6749069,-47.3433300493
204,506.84100008,+1.57100150E+00,,,-37.58638,-432.256363636,-47.3452512315
205,509.305999994,+1.57100150E+00,,,-37.49128,-434.057776561,-47.345635468
206,511.769999981,+1.57100900E+00,,,-37.3505,-436.647316539,-47.3485812808
207,514.235000134,+1.57100400E+00,,,-37.27985,-438.463789704,-47.3451231527
