Counter,Time(s),Temperature Voltage(V),Magnet Current(A),Field Coil Current(mA),SQUID Voltage(uV),Mod Current(uA),Pickup Loop Current(uA),
0,0.010999917984,+1.57097670E+00,,,-43.34198,-0.00576648411829,-55.9241576355
1,3.92100000381,+1.57097670E+00,,,-43.33062,-2.16594654984,-55.9245418719
2,6.44899988174,+1.57097550E+00,,,-43.30859,-4.33472004381,-55.9217241379
3,8.97799992561,+1.57097800E+00,,,-43.30805,-6.47510569551,-55.9203152709
4,11.506000042,+1.57098040E+00,,,-43.31445,-8.68520405257,-55.9235172414
5,14.0339999199,+1.57098040E+00,,,-43.35,-10.8445038335,-55.9164729064
6,16.5399999619,+1.57097300E+00,,,-43.40623,-12.9948795181,-55.9232610837
7,19.0460000038,+1.57098040E+00,,,-43.44122,-15.1790328587,-55.9214679803
8,21.5539999008,+1.57097300E+00,,,-43.46807,-17.3367426068,-55.9192906404
9,24.0599999428,+1.57097670E+00,,,-43.5462,-19.4904731654,-55.9204433498
10,26.5669999123,+1.57098170E+00,,,-43.59534,-21.6462124863,-55.9194187192
11,29.0729999542,+1.57098290E+00,,,-43.65732,-23.7834381161,-55.9219802956
12,31.5799999237,+1.57098040E+00,,,-43.75415,-25.9861193866,-55.9183940887
13,34.0859999657,+1.57097800E+00,,,-43.82241,-28.232415115,-55.920955665
14,36.5929999352,+1.57098290E+00,,,-43.93353,-30.3861730559,-55.9214679803
15,39.1009998322,+1.57098040E+00,,,-44.05922,-32.5421730559,-55.9221083744
16,41.6069998741,+1.57097800E+00,,,-44.14084,-34.6995158817,-55.918137931
17,44.1129999161,+1.57098040E+00,,,-44.22176,-36.8527809419,-55.9168571429
18,46.6210000515,+1.57097670E+00,,,-44.33944,-38.9744534502,-55.9232610837
19,49.126999855,+1.57097670E+00,,,-44.40849,-41.129728368,-55.9183940887
20,51.632999897,+1.57097420E+00,,,-44.52644,-43.3497097481,-55.9172413793
21,54.138999939,+1.57097800E+00,,,-44.63048,-45.4083373494,-55.9183940887
22,56.6459999084,+1.57097670E+00,,,-44.71489,-47.5952343921,-55.9227487685
23,59.1519999504,+1.57097800E+00,,,-44.7917,-49.8155881709,-55.9173694581
24,61.6579999924,+1.57098170E+00,,,-44.89815,-52.0032946331,-55.9149359606
25,64.1640000343,+1.57097420E+00,,,-44.98175,-54.1915476451,-55.9217241379
26,66.6699998379,+1.57097420E+00,,,-45.05482,-56.7566308872,-55.9158325123
27,69.1759998798,+1.57097800E+00,,,-45.14204,-58.9571938664,-55.9150640394
28,71.6819999218,+1.57097550E+00,,,-45.21055,-61.1605794085,-55.9201871921
29,74.1900000572,+1.57097920E+00,,,-45.27132,-62.971992333,-55.918137931
30,76.6959998608,+1.57097800E+00,,,-45.30351,-65.1750284775,-55.9168571429
31,79.2019999027,+1.57098290E+00,,,-45.35294,-67.3848630887,-55.9158325123
32,81.7089998722,+1.57097920E+00,,,-45.38112,-69.5894589266,-55.9173694581
33,84.2149999142,+1.57098040E+00,,,-45.42547,-71.7884731654,-55.9186502463
34,86.7209999561,+1.57098040E+00,,,-45.45043,-73.9905531216,-55.915320197
35,89.2269999981,+1.57097670E+00,,,-45.47207,-76.191966046,-55.9159605911
36,91.7339999676,+1.57097800E+00,,,-45.49452,-78.3936549836,-55.9162167488
37,94.2409999371,+1.57097800E+00,,,-45.5203,-80.5965421687,-55.9157044335
38,96.746999979,+1.57097800E+00,,,-45.51936,-82.8016286966,-55.9119901478
39,99.253000021,+1.57097420E+00,,,-45.53178,-85.0023625411,-55.918137931
40,101.75999999,+1.57097670E+00,,,-45.52818,-87.2043285871,-55.9148078818
41,104.266000032,+1.57098170E+00,,,-45.52282,-88.9527053669,-55.9149359606
42,106.773000002,+1.57098040E+00,,,-45.49131,-91.1525104053,-55.9166009852
43,109.279999971,+1.57097920E+00,,,-45.47956,-93.3561193866,-55.9164729064
44,111.786000013,+1.57097670E+00,,,-45.42159,-95.5572814896,-55.9176256158
45,114.292000055,+1.57098040E+00,,,-45.397,-97.7595290252,-55.9144236453
46,116.797999859,+1.57097920E+00,,,-45.35988,-100.029027382,-55.9137832512
47,119.303999901,+1.57097550E+00,,,-45.31567,-102.231591457,-55.9130147783
48,121.809999943,+1.57098040E+00,,,-45.27173,-104.428769989,-55.9144236453
49,124.316999912,+1.57098040E+00,,,-45.21869,-106.631420591,-55.914679803
50,126.822999954,+1.57097670E+00,,,-45.15473,-108.832754655,-55.9128866995
51,129.329999924,+1.57097670E+00,,,-45.07406,-111.295892662,-55.91391133
52,131.794999838,+1.57097920E+00,,,-45.00766,-113.106571742,-55.9151921182
53,134.25999999,+1.57098290E+00,,,-44.94463,-115.30033954,-55.9148078818
54,136.725999832,+1.57097800E+00,,,-44.84538,-117.496549836,-55.911862069
55,139.190999985,+1.57097800E+00,,,-44.78448,-119.69652793,-55.9137832512
56,141.656999826,+1.57097920E+00,,,-44.68658,-121.895487404,-55.9136551724
57,144.121999979,+1.57098040E+00,,,-44.59669,-124.091259584,-55.9140394089
58,146.588000059,+1.57098170E+00,,,-44.49744,-126.292836802,-55.9126305419
59,149.053999901,+1.57097920E+00,,,-44.40035,-128.49135816,-55.9158325123
60,151.519000053,+1.57098170E+00,,,-44.32555,-130.696692223,-55.9125024631
61,153.983999968,+1.57097920E+00,,,-44.2147,-132.903756846,-55.915320197
62,156.450000048,+1.57098040E+00,,,-44.11826,-135.105038335,-55.9137832512
63,158.914999962,+1.57098040E+00,,,-44.00499,-137.302562979,-55.9151921182
64,161.381000042,+1.57098040E+00,,,-43.94556,-139.11237678,-55.9100689655
65,163.845999956,+1.57097800E+00,,,-43.85247,-141.312782037,-55.9125024631
66,166.312000036,+1.57098170E+00,,,-43.73959,-143.506823658,-55.9126305419
67,168.777999878,+1.57098170E+00,,,-43.6445,-145.71230011,-55.9122463054
68,171.243000031,+1.57097800E+00,,,-43.5836,-147.907064622,-55.9131428571
69,173.707999945,+1.57098420E+00,,,-43.53859,-150.103866375,-55.9101970443
70,176.172999859,+1.57097920E+00,,,-43.46927,-152.300372399,-55.9126305419
71,178.639999866,+1.57097670E+00,,,-43.41491,-154.50237678,-55.9119901478
72,181.105000019,+1.57098040E+00,,,-43.37083,-156.696560789,-55.9150640394
73,183.570999861,+1.57097920E+00,,,-43.34224,-158.893493976,-55.9137832512
74,186.036000013,+1.57098040E+00,,,-43.32594,-161.092880613,-55.911862069
75,188.501999855,+1.57098660E+00,,,-43.30297,-162.904424973,-55.9122463054
76,190.967000008,+1.57098170E+00,,,-43.30098,-165.115257393,-55.9109655172
77,193.431999922,+1.57098040E+00,,,-43.29041,-167.310021906,-55.9117339901
78,195.898000002,+1.57097670E+00,,,-43.3019,-169.513044907,-55.9078916256
79,198.363999844,+1.57098170E+00,,,-43.34812,-171.707831325,-55.9073793103
80,200.828999996,+1.57098040E+00,,,-43.35868,-173.907075575,-55.9066108374
81,203.294999838,+1.57098290E+00,,,-43.4097,-176.104589266,-55.9086600985
82,205.75999999,+1.57098170E+00,,,-43.471,-178.312825849,-55.907635468
83,208.224999905,+1.57098790E+00,,,-43.52577,-180.506571742,-55.9086600985
84,210.690000057,+1.57098790E+00,,,-43.60671,-182.704950712,-55.9060985222
85,213.156999826,+1.57098290E+00,,,-43.68151,-184.898696605,-55.9094285714
86,215.621999979,+1.57098170E+00,,,-43.76325,-187.101708653,-55.9086600985
87,218.086999893,+1.57098170E+00,,,-43.84098,-188.913986857,-55.9075073892
88,220.552999973,+1.57098290E+00,,,-43.90643,-191.106571742,-55.9094285714
89,223.017999887,+1.57098170E+00,,,-43.98416,-193.305531216,-55.9072512315
90,225.48300004,+1.57098170E+00,,,-44.06257,-195.507404162,-55.9077635468
91,227.948999882,+1.57097800E+00,,,-44.15593,-197.709550931,-55.907635468
92,230.414999962,+1.57098170E+00,,,-44.25756,-199.906779847,-55.9089162562
93,232.881000042,+1.57097920E+00,,,-44.3536,-202.107765608,-55.9091724138
94,235.345999956,+1.57098420E+00,,,-44.4312,-204.301226725,-55.9122463054
95,237.81099987,+1.57097670E+00,,,-44.52216,-206.501040526,-55.9116059113
96,240.276000023,+1.57098790E+00,,,-44.61873,-208.699134721,-55.9136551724
97,242.741999865,+1.57098170E+00,,,-44.68365,-210.899539978,-55.9087881773
98,245.207000017,+1.57097670E+00,,,-44.78756,-212.710657174,-55.9095566502
99,247.672999859,+1.57098290E+00,,,-44.85194,-214.907590361,-55.9150640394
100,250.138000011,+1.57098420E+00,,,-44.92727,-217.104961665,-55.9122463054
101,252.602999926,+1.57097800E+00,,,-45.03799,-219.304523549,-55.9095566502
