Time (s) , Counter , SQUID voltage (V) , Calculated Mod Coil Current (uA) , Calculated Squid Current (uA) , Temp Probe Voltage (V) 
0.0 , 0 , +8.38871400E-05 , -18.2320098522 , -14.8025714286 , +8.72230000E-05
2.62300014496 , 1 , +8.38693500E-05 , -18.2320098522 , -14.799862069 , +8.72230000E-05
5.22200012207 , 2 , +8.38764300E-05 , -18.2329852217 , -14.7985714286 , +8.74440000E-05
7.82000017166 , 3 , +8.38771000E-05 , -18.2318916256 , -14.8016650246 , +8.72490000E-05
10.4190001488 , 4 , +8.38648100E-05 , -18.234453202 , -14.7994778325 , +8.73400000E-05
13.0180001259 , 5 , +8.38559900E-05 , -18.2327487685 , -14.8005123153 , +8.71970000E-05
15.617000103 , 6 , +8.38501200E-05 , -18.2326206897 , -14.8019211823 , +8.73530000E-05
18.2160000801 , 7 , +8.38535900E-05 , -18.2327487685 , -14.799862069 , +8.74830000E-05
20.8159999847 , 8 , +8.40701300E-05 , -18.2343349754 , -14.8447389163 , +8.74830000E-05
23.4150002003 , 9 , +8.40498300E-05 , -18.23408867 , -14.9472610837 , +8.72750000E-05
26.0140001774 , 10 , +8.44407700E-05 , -18.2337241379 , -14.8758128079 , +8.74830000E-05
28.6130001545 , 11 , +8.50921700E-05 , -18.23408867 , -15.0101871921 , +8.73920000E-05
31.2110002041 , 12 , +8.47451700E-05 , -18.2339704433 , -15.0916847291 , +8.73530000E-05
33.8100001812 , 13 , +8.67586600E-05 , -18.2343349754 , -15.3069162562 , +8.73530000E-05
36.4100000858 , 14 , +8.66814600E-05 , -18.2332315271 , -15.2664236453 , +8.76520000E-05
39.0099999905 , 15 , +8.73702600E-05 , -18.2322561576 , -15.7924334975 , +8.76520000E-05
41.6080000401 , 16 , +9.02234700E-05 , -18.2360394089 , -15.9200985222 , +8.73010000E-05
44.2070000172 , 17 , +8.99671600E-05 , -18.2323743842 , -15.9206108374 , +8.75220000E-05
46.8070001602 , 18 , +9.08072900E-05 , -18.2350640394 , -16.1871625616 , +8.75090000E-05
49.4070000648 , 19 , +9.31279800E-05 , -18.2353103448 , -16.4784729064 , +8.75480000E-05
52.0050001144 , 20 , +9.47342300E-05 , -18.2331133005 , -16.8422561576 , +8.78470000E-05
54.6050000191 , 21 , +9.54066000E-05 , -18.2331133005 , -16.8208571429 , +8.72880000E-05
57.2050001621 , 22 , +9.54363900E-05 , -18.2332315271 , -16.8224039409 , +8.77820000E-05
59.8040001392 , 23 , +9.83045600E-05 , -18.2345714286 , -17.4909064039 , +8.73790000E-05
62.4030001163 , 24 , +9.89658500E-05 , -18.2371428571 , -17.3634975369 , +8.71710000E-05
65.0020000935 , 25 , +1.07072610E-04 , -18.2345714286 , -19.3075073892 , +8.75350000E-05
67.5070002079 , 26 , +1.09373000E-04 , -18.23408867 , -19.2922857143 , +8.76520000E-05
70.0130000114 , 27 , +1.12837680E-04 , -18.2328669951 , -20.3198226601 , +8.74570000E-05
72.5199999809 , 28 , +1.15201250E-04 , -18.2327487685 , -20.3413596059 , +8.72620000E-05
75.0260000229 , 29 , +1.18890600E-04 , -18.2337241379 , -21.3491527094 , +8.79380000E-05
77.5300002098 , 30 , +1.21036450E-04 , -18.2327487685 , -21.3938916256 , +8.76000000E-05
80.0360000134 , 31 , +1.21342320E-04 , -18.2337241379 , -22.3929162562 , +8.79250000E-05
82.5420000553 , 32 , +1.28137860E-04 , -18.2356748768 , -22.5312807882 , +8.76130000E-05
85.0470001698 , 33 , +1.32240320E-04 , -18.23408867 , -25.254955665 , +8.76390000E-05
87.5530002117 , 34 , +1.44638800E-04 , -18.2334778325 , -25.5460098522 , +8.73140000E-05
90.0600001812 , 35 , +1.44582300E-04 , -18.2328669951 , -25.5581280788 , +8.78470000E-05
92.5650000572 , 36 , +1.64078970E-04 , -18.2377536946 , -29.6412512315 , +8.74050000E-05
95.0700001717 , 37 , +1.67982820E-04 , -18.234453202 , -29.6514384236 , +8.76130000E-05
97.5770001411 , 38 , +1.67066420E-04 , -18.2331133005 , -29.3419408867 , +8.75220000E-05
100.08100009 , 39 , +1.79820060E-04 , -18.2325024631 , -32.0244729064 , +8.76520000E-05
102.587000132 , 40 , +1.81566430E-04 , -18.2315270936 , -32.0601970443 , +8.77300000E-05
105.092000008 , 41 , +1.81652710E-04 , -18.2331133005 , -32.0556847291 , +8.76390000E-05
107.59800005 , 42 , +2.08587760E-04 , -18.2316453202 , -37.3027586207 , +8.77170000E-05
110.104000092 , 43 , +2.11424960E-04 , -18.2309162562 , -37.3138423645 , +8.76390000E-05
112.609000206 , 44 , +2.11567870E-04 , -18.2345714286 , -37.3116551724 , +8.76000000E-05
115.11500001 , 45 , +2.42034680E-04 , -18.231773399 , -41.9816748768 , +8.74310000E-05
117.620000124 , 46 , +2.37627150E-04 , -18.234817734 , -41.9445320197 , +8.73140000E-05
120.126000166 , 47 , +2.37597630E-04 , -18.2305517241 , -42.2670541872 , +8.76130000E-05
122.632000208 , 48 , +3.04927980E-04 , -18.2332315271 , -53.2473596059 , +8.75350000E-05
125.138000011 , 49 , +3.01178520E-04 , -18.2331133005 , -52.9699704433 , +8.76780000E-05
127.643000126 , 50 , +3.00162890E-04 , -18.2346995074 , -52.9372216749 , +8.79380000E-05
130.150000095 , 51 , +3.00273610E-04 , -18.2342068966 , -52.9681674877 , +8.78600000E-05
132.65500021 , 52 , +3.10392930E-04 , -18.2338423645 , -56.2059901478 , +8.76780000E-05
135.161000013 , 53 , +3.18154950E-04 , -18.2346995074 , -56.1413793103 , +8.76520000E-05
137.666000128 , 54 , +3.17595580E-04 , -18.2325024631 , -57.0692118227 , +8.73790000E-05
140.17200017 , 55 , +3.59621300E-04 , -18.2301773399 , -63.0937832512 , +8.76520000E-05
142.679000139 , 56 , +3.57392630E-04 , -18.2335960591 , -63.0802364532 , +8.78080000E-05
145.185000181 , 57 , +3.58649080E-04 , -18.2327487685 , -63.667635468 , +8.75870000E-05
147.690000057 , 58 , +4.31682010E-04 , -18.2333596059 , -75.3587389163 , +8.74310000E-05
150.195000172 , 59 , +4.27715240E-04 , -18.2312807882 , -75.3074187192 , +8.76130000E-05
152.701000214 , 60 , +4.25239210E-04 , -18.2325024631 , -75.0498916256 , +8.78860000E-05
155.205000162 , 61 , +4.25760780E-04 , -18.2325024631 , -75.1379704433 , +8.80030000E-05
157.711000204 , 62 , +4.25626680E-04 , -18.2318916256 , -75.1209458128 , +8.80290000E-05
160.217000008 , 63 , +4.26274200E-04 , -18.2315270936 , -75.1276551724 , +8.77690000E-05
162.722000122 , 64 , +4.26274470E-04 , -18.2327487685 , -75.2018029557 , +8.76390000E-05
165.228000164 , 65 , +4.26699480E-04 , -18.2313990148 , -74.7214482759 , +8.78600000E-05
167.734000206 , 66 , +4.24205010E-04 , -18.2327487685 , -75.0150738916 , +8.76390000E-05
