Time (s),SQUID voltage (V),SQUID Loop Voltage (V),Calculated Squid Current (uA),Temp Probe Voltage (V)
0.0,+8.41496000E-05,-1.50206800E-03,-14.7986995074,+8.77040000E-05
2.16199994087,+8.41342400E-05,-1.50201600E-03,-14.7981871921,+8.79770000E-05
4.32199978828,+8.41419900E-05,-1.50209400E-03,-14.798955665,+8.77430000E-05
6.48299980164,+8.41398500E-05,-1.50206800E-03,-14.7986995074,+8.78990000E-05
8.64399981499,+8.41345100E-05,-1.50225200E-03,-14.8005123153,+8.79510000E-05
10.8039999008,+8.41403800E-05,-1.50214700E-03,-14.7994778325,+8.77430000E-05
12.9649999142,+8.41574800E-05,-1.50175400E-03,-14.7956059113,+8.77950000E-05
15.125,+8.41494700E-05,-1.50204200E-03,-14.7984433498,+8.79380000E-05
17.2860000134,+8.41576100E-05,-1.50167600E-03,-14.7948374384,+8.78470000E-05
19.4459998608,+8.41683000E-05,-1.50209400E-03,-14.798955665,+8.79380000E-05
21.6069998741,+8.41632200E-05,-1.50209400E-03,-14.798955665,+8.77950000E-05
23.7679998875,+8.41601500E-05,-1.50151900E-03,-14.7932906404,+8.78210000E-05
25.9289999008,+8.41711000E-05,-1.50185900E-03,-14.7966403941,+8.77950000E-05
28.0889999866,+8.41529400E-05,-1.50172800E-03,-14.7953497537,+8.77950000E-05
30.25,+8.41542700E-05,-1.50196400E-03,-14.7976748768,+8.76520000E-05
32.4099998474,+8.41588200E-05,-1.50201600E-03,-14.7981871921,+8.77430000E-05
34.5699999332,+8.41561400E-05,-1.50149200E-03,-14.7930246305,+8.76780000E-05
36.7299997807,+8.41386500E-05,-1.50204200E-03,-14.7984433498,+8.74310000E-05
38.8919999599,+8.41430500E-05,-1.50180600E-03,-14.7961182266,+8.75350000E-05
41.0519998074,+8.41445200E-05,-1.50199000E-03,-14.7979310345,+8.78470000E-05
43.2129998207,+8.41525400E-05,-1.50196400E-03,-14.7976748768,+8.78730000E-05
45.3729999065,+8.41421200E-05,-1.50154500E-03,-14.793546798,+8.76260000E-05
47.5339999199,+8.41601500E-05,-1.50183300E-03,-14.7963842365,+8.78470000E-05
49.6949999332,+8.41442600E-05,-1.50196400E-03,-14.7976748768,+8.74050000E-05
51.8549997807,+8.41486600E-05,-1.50191100E-03,-14.7971527094,+8.76910000E-05
54.015999794,+8.41492000E-05,-1.50209400E-03,-14.798955665,+8.77950000E-05
56.1759998798,+8.41481300E-05,-1.50206800E-03,-14.7986995074,+8.77170000E-05
58.3359999657,+8.41525400E-05,-1.50162300E-03,-14.7943152709,+8.82110000E-05
60.4979999065,+8.41572100E-05,-1.50183300E-03,-14.7963842365,+8.77430000E-05
62.6589999199,+8.41709700E-05,-1.50209400E-03,-14.798955665,+8.77040000E-05
64.8190000057,+8.41590800E-05,-1.50193700E-03,-14.797408867,+8.76520000E-05
66.9789998531,+8.41558800E-05,-1.50188500E-03,-14.7968965517,+8.78990000E-05
69.1399998665,+8.41558800E-05,-1.50199000E-03,-14.7979310345,+8.76780000E-05
71.3009998798,+8.41612200E-05,-1.50204200E-03,-14.7984433498,+8.78470000E-05
73.4609999657,+8.41625600E-05,-1.50222500E-03,-14.8002463054,+8.80940000E-05
75.621999979,+8.41628200E-05,-1.50199000E-03,-14.7979310345,+8.76910000E-05
77.7829999924,+8.41612200E-05,-1.50227800E-03,-14.8007684729,+8.80810000E-05
79.9429998398,+8.41693700E-05,-1.50201600E-03,-14.7981871921,+8.78600000E-05
82.1039998531,+8.41740400E-05,-1.50188500E-03,-14.7968965517,+8.75610000E-05
84.2649998665,+8.41679000E-05,-1.50185900E-03,-14.7966403941,+8.78730000E-05
86.4259998798,+8.41633600E-05,-1.50167600E-03,-14.7948374384,+8.79640000E-05
88.5859999657,+8.41721700E-05,-1.50191100E-03,-14.7971527094,+8.74310000E-05
90.7459998131,+8.41688300E-05,-1.50193700E-03,-14.797408867,+8.79250000E-05
92.9069998264,+8.41671000E-05,-1.50230400E-03,-14.8010246305,+8.79510000E-05
95.0679998398,+8.41703000E-05,-1.50212100E-03,-14.7992216749,+8.77430000E-05
97.2289998531,+8.41699000E-05,-1.50183300E-03,-14.7963842365,+8.77820000E-05
99.3899998665,+8.41671000E-05,-1.50162300E-03,-14.7943152709,+8.76650000E-05
101.549999952,+8.41546800E-05,-1.50170200E-03,-14.7950935961,+8.78990000E-05
103.710999966,+8.41717700E-05,-1.50128300E-03,-14.7909655172,+8.80810000E-05
105.870999813,+8.41616200E-05,-1.50178000E-03,-14.795862069,+8.78470000E-05
108.031999826,+8.41554800E-05,-1.50162300E-03,-14.7943152709,+8.74050000E-05
110.19299984,+8.41600200E-05,-1.50159700E-03,-14.7940591133,+8.78340000E-05
112.352999926,+9.50621400E-05,-1.81345500E-03,-17.8665517241,+8.76390000E-05
114.514999866,+1.17067570E-04,-2.26513200E-03,-22.3165714286,+8.75350000E-05
116.581999779,+1.26783510E-04,-2.26454300E-03,-22.3107684729,+8.79250000E-05
118.649999857,+1.26792190E-04,-2.26476600E-03,-22.3129655172,+8.76910000E-05
120.717000008,+1.26804220E-04,-2.26515800E-03,-22.3168275862,+8.78990000E-05
122.78399992,+1.26842280E-04,-2.26466100E-03,-22.3119310345,+8.74180000E-05
124.850999832,+1.26832670E-04,-2.26548600E-03,-22.3200591133,+8.76260000E-05
126.917999983,+1.26837610E-04,-2.26545900E-03,-22.3197931034,+8.80550000E-05
128.985999823,+1.26844690E-04,-2.26544600E-03,-22.3196650246,+8.77170000E-05
131.053999901,+1.26848830E-04,-2.26559000E-03,-22.3210837438,+8.75870000E-05
133.120999813,+1.26834130E-04,-2.26576000E-03,-22.3227586207,+8.77430000E-05
135.188999891,+1.26843880E-04,-2.26540700E-03,-22.3192807882,+8.78470000E-05
137.254999876,+1.26852700E-04,-2.26536800E-03,-22.3188965517,+8.77690000E-05
139.321999788,+1.26850830E-04,-2.26547200E-03,-22.3199211823,+8.73790000E-05
141.389999866,+1.26850160E-04,-2.26542000E-03,-22.319408867,+8.77430000E-05
143.456999779,+1.26861520E-04,-2.26564300E-03,-22.3216059113,+8.79250000E-05
145.523999929,+1.26851100E-04,-2.26557700E-03,-22.320955665,+8.77430000E-05
147.592000008,+1.26854300E-04,-2.26539400E-03,-22.3191527094,+8.77950000E-05
149.659999847,+1.26856970E-04,-2.26513200E-03,-22.3165714286,+8.75090000E-05
151.726999998,+1.26862980E-04,-2.26535500E-03,-22.3187684729,+8.76260000E-05
153.79399991,+1.26867120E-04,-2.26552500E-03,-22.3204433498,+8.79120000E-05
155.859999895,+1.26854970E-04,-2.26544600E-03,-22.3196650246,+8.75610000E-05
157.927999973,+1.26864720E-04,-2.26604800E-03,-22.3255960591,+8.76650000E-05
159.994999886,+1.35565550E-04,-2.45078600E-03,-24.1456748768,+8.81720000E-05
162.061999798,+1.40691810E-04,-2.53841700E-03,-25.0090344828,+8.79120000E-05
164.128999949,+1.43292330E-04,-2.64627000E-03,-26.0716256158,+8.82890000E-05
166.197999954,+1.59466170E-04,-2.94849500E-03,-29.0492118227,+8.77170000E-05
168.264999866,+1.65960370E-04,-2.97685900E-03,-29.3286600985,+8.76910000E-05
170.331999779,+1.66237250E-04,-2.97967300E-03,-29.3563842365,+8.78210000E-05
172.399999857,+1.65880630E-04,-2.98107400E-03,-29.3701871921,+8.80550000E-05
174.467000008,+1.67930870E-04,-3.04230400E-03,-29.9734384236,+8.76910000E-05
176.53399992,+1.73480900E-04,-3.10039300E-03,-30.5457438424,+8.77300000E-05
178.600999832,+1.73592290E-04,-3.06568100E-03,-30.2037536946,+8.79770000E-05
180.667999983,+1.73555560E-04,-3.10363900E-03,-30.5777241379,+8.78340000E-05
182.736999989,+1.73814540E-04,-3.10607400E-03,-30.6017142857,+8.75220000E-05
184.803999901,+1.73797450E-04,-3.10219900E-03,-30.5635369458,+8.81590000E-05
186.870999813,+1.62563140E-04,-2.90655800E-03,-28.6360394089,+8.77430000E-05
188.937999964,+1.62684950E-04,-2.90433300E-03,-28.6141182266,+8.79900000E-05
191.004999876,+1.63011120E-04,-2.92090400E-03,-28.7773793103,+8.80030000E-05
193.071999788,+1.63898790E-04,-2.92726500E-03,-28.8400492611,+8.74050000E-05
195.138999939,+1.63457630E-04,-2.92459500E-03,-28.8137438424,+8.76260000E-05
197.205999851,+1.66636740E-04,-2.98781500E-03,-29.4366009852,+8.77820000E-05
199.273000002,+1.68248080E-04,-3.00547200E-03,-29.6105615764,+8.79770000E-05
201.342000008,+1.68242740E-04,-3.00642700E-03,-29.6199704433,+8.78600000E-05
203.40899992,+1.68245010E-04,-3.00593000E-03,-29.6150738916,+8.78730000E-05
205.475999832,+1.68253960E-04,-3.00637500E-03,-29.6194581281,+8.80680000E-05
207.542999983,+1.68246750E-04,-3.00616500E-03,-29.6173891626,+8.79770000E-05
209.609999895,+1.68261710E-04,-3.00621800E-03,-29.61791133,+8.79770000E-05
211.677999973,+1.68253430E-04,-3.00653200E-03,-29.6210049261,+8.85230000E-05
213.744999886,+1.68241670E-04,-3.00595600E-03,-29.6153300493,+8.78860000E-05
215.811999798,+1.68250090E-04,-3.00608700E-03,-29.6166206897,+8.82500000E-05
217.879999876,+1.68254360E-04,-3.00624400E-03,-29.6181674877,+8.81330000E-05
219.946999788,+1.68294700E-04,-3.00676700E-03,-29.623320197,+8.78730000E-05
222.014999866,+1.68289090E-04,-3.00650600E-03,-29.6207487685,+8.80680000E-05
224.081999779,+1.68270790E-04,-3.00642700E-03,-29.6199704433,+8.80420000E-05
226.148999929,+1.68264380E-04,-3.00663700E-03,-29.6220394089,+8.80030000E-05
228.215999842,+1.68278800E-04,-3.00658400E-03,-29.6215172414,+8.74050000E-05
230.282999992,+1.68277070E-04,-3.00679400E-03,-29.6235862069,+8.78730000E-05
232.349999905,+1.68278270E-04,-3.00684600E-03,-29.6240985222,+8.79640000E-05
234.416999817,+1.68268120E-04,-3.00606100E-03,-29.616364532,+8.79120000E-05
236.484999895,+1.68243010E-04,-3.00566800E-03,-29.6124926108,+8.80290000E-05
238.552999973,+1.68233660E-04,-3.00587700E-03,-29.6145517241,+8.76520000E-05
240.619999886,+1.68246610E-04,-3.00577300E-03,-29.6135270936,+8.81330000E-05
242.686999798,+1.68251160E-04,-3.00624400E-03,-29.6181674877,+8.82110000E-05
244.753999949,+1.68246880E-04,-3.00577300E-03,-29.6135270936,+8.79510000E-05
246.820999861,+1.68249820E-04,-3.00595600E-03,-29.6153300493,+8.78080000E-05
248.888999939,+1.68246610E-04,-3.00593000E-03,-29.6150738916,+8.79640000E-05
250.955999851,+1.68238330E-04,-3.00647900E-03,-29.6204827586,+8.78990000E-05
253.023999929,+1.68250760E-04,-3.00595600E-03,-29.6153300493,+8.83020000E-05
255.090999842,+1.68242340E-04,-3.00598200E-03,-29.6155862069,+8.79770000E-05
257.15899992,+1.68246750E-04,-3.00585100E-03,-29.6142955665,+8.82110000E-05
259.224999905,+1.68255830E-04,-3.00645300E-03,-29.620226601,+8.83410000E-05
261.292999983,+1.68243280E-04,-3.00595600E-03,-29.6153300493,+8.80550000E-05
263.359999895,+1.68250490E-04,-3.00595600E-03,-29.6153300493,+8.79250000E-05
265.42599988,+1.68241810E-04,-3.00616500E-03,-29.6173891626,+8.81460000E-05
267.493999958,+1.68245150E-04,-3.00634900E-03,-29.6192019704,+8.79510000E-05
269.559999943,+1.68251420E-04,-3.00590400E-03,-29.614817734,+8.80290000E-05
271.627999783,+1.68241670E-04,-3.00632200E-03,-29.6189359606,+8.80680000E-05
273.695999861,+1.68245950E-04,-3.00624400E-03,-29.6181674877,+8.79900000E-05
275.763000011,+1.68239940E-04,-3.00603400E-03,-29.6160985222,+8.78860000E-05
277.830999851,+1.68251820E-04,-3.00573300E-03,-29.6131330049,+8.78340000E-05
279.898000002,+1.68240340E-04,-3.00603400E-03,-29.6160985222,+8.77820000E-05
281.964999914,+1.68243010E-04,-3.00595600E-03,-29.6153300493,+8.78860000E-05
284.032999992,+1.68234460E-04,-3.00587700E-03,-29.6145517241,+8.81720000E-05
286.099999905,+1.68239800E-04,-3.00594300E-03,-29.6152019704,+8.82110000E-05
288.166999817,+1.68223910E-04,-3.00598200E-03,-29.6155862069,+8.78730000E-05
290.234999895,+1.68223770E-04,-3.00598200E-03,-29.6155862069,+8.81590000E-05
