Time (s) 	 Counter 	 SQUID voltage (V) 	 SQUID Loop Voltage (V) 	 Calculated Squid Current (uA) 	 Temp Probe Voltage (V) 					
0	0	8.84E-05	-1.57E-03	-15.51607882	8.83E-05					
2.177000046	1	8.84E-05	-1.57E-03	-15.50834483	8.85E-05					
4.336999893	2	9.31E-05	-1.74E-03	-17.11771429	8.83E-05					
6.496999979	3	1.04E-04	-1.85E-03	-18.18623645	8.82E-05					
8.563999891	4	1.04E-04	-1.85E-03	-18.19049261	8.82E-05					
10.63199997	5	1.34E-04	-2.44E-03	-23.99737931	8.77E-05					
12.70000005	6	1.50E-04	-2.71E-03	-26.67527094	8.85E-05					
14.76699996	7	1.65E-04	-2.95E-03	-29.03864039	8.78E-05					
16.83500004	8	1.65E-04	-2.95E-03	-29.04405911	8.81E-05					
18.90199995	9	1.70E-04	-3.06E-03	-30.11980296	8.82E-05				30.11980296	0.000170406
20.97000003	10	1.71E-04	-3.06E-03	-30.12960591	8.82E-05				30.12960591	0.000171301
23.03800011	11	1.71E-04	-3.06E-03	-30.13153695	8.82E-05				30.13153695	0.000171306
25.10500002	12	1.71E-04	-3.06E-03	-30.12405911	8.77E-05				30.12405911	0.000171284
27.17199993	13	1.71E-04	-3.06E-03	-30.12482759	8.81E-05				30.12482759	0.000171275
29.24099994	14	1.71E-04	-3.06E-03	-30.12547783	8.81E-05				30.12547783	0.000171283
31.30800009	15	1.71E-04	-3.06E-03	-30.12611823	8.84E-05				30.12611823	0.00017129
33.375	16	1.71E-04	-3.06E-03	-30.12586207	8.85E-05				30.12586207	0.000171288
35.44300008	17	1.71E-04	-3.06E-03	-30.12869951	8.84E-05				30.12869951	0.000171285
37.50999999	18	1.71E-04	-3.06E-03	-30.12664039	8.84E-05				30.12664039	0.000171271
39.5769999	19	1.71E-04	-3.06E-03	-30.12753695	8.85E-05				30.12753695	0.000171272
41.64400005	20	1.71E-04	-3.06E-03	-30.12999015	8.81E-05				30.12999015	0.000171292
43.71099997	21	1.71E-04	-3.06E-03	-30.12780296	8.85E-05				30.12780296	0.000171299
45.77800012	22	1.71E-04	-3.06E-03	-30.13024631	8.79E-05				30.13024631	0.000171289
47.84599996	23	1.71E-04	-3.06E-03	-30.12973399	8.85E-05				30.12973399	0.000171294
49.91300011	24	1.71E-04	-3.04E-03	-29.98413793	8.82E-05					
51.98000002	25	1.79E-04	-3.39E-03	-33.42841379	8.82E-05					
54.0480001	26	2.16E-04	-4.09E-03	-40.32186207	8.86E-05					
56.11500001	27	2.35E-04	-4.20E-03	-41.42161576	8.80E-05					
58.18300009	28	2.31E-04	-3.96E-03	-39.00665025	8.83E-05					
60.25	29	2.21E-04	-3.94E-03	-38.8164335	8.84E-05					
62.31699991	30	2.26E-04	-4.04E-03	-39.77676847	8.83E-05				39.77676847	0.000225996
64.38499999	31	2.25E-04	-4.04E-03	-39.76232512	8.82E-05				39.76232512	0.000225359
66.45300007	32	2.22E-04	-3.98E-03	-39.23824631	8.83E-05				39.23824631	0.000221986
68.52099991	33	2.23E-04	-3.99E-03	-39.30389163	8.83E-05				39.30389163	0.000223202
70.58800006	34	2.23E-04	-3.99E-03	-39.34038424	8.82E-05				39.34038424	0.000223461
72.6559999	35	2.23E-04	-3.99E-03	-39.27526108	8.81E-05				39.27526108	0.000223418
74.72300005	36	2.23E-04	-3.99E-03	-39.35069951	8.81E-05				39.35069951	0.000223491
76.79099989	37	2.24E-04	-3.99E-03	-39.31730049	8.83E-05				39.31730049	0.000223546
78.85800004	38	2.24E-04	-4.00E-03	-39.36952709	8.84E-05				39.36952709	0.0002235
80.92400002	39	2.24E-04	-4.00E-03	-39.36256158	8.84E-05				39.36256158	0.000223801
82.99300003	40	2.24E-04	-4.00E-03	-39.39015764	8.82E-05				39.39015764	0.000223821
85.05999994	41	2.24E-04	-4.00E-03	-39.39519212	8.81E-05				39.39519212	0.00022374
87.12700009	42	2.24E-04	-4.00E-03	-39.41491626	8.83E-05				39.41491626	0.000223839
89.19499993	43	2.24E-04	-4.00E-03	-39.38784236	8.80E-05				39.38784236	0.000223852
91.26200008	44	2.24E-04	-4.00E-03	-39.45760591	8.82E-05				39.45760591	0.000223921
93.329	45	2.24E-04	-4.00E-03	-39.44238424	8.84E-05				39.44238424	0.000224048
95.39700007	46	2.24E-04	-4.00E-03	-39.43439409	8.82E-05				39.43439409	0.000224017
97.46399999	47	2.24E-04	-4.01E-03	-39.48056158	8.84E-05				39.48056158	0.000224273
99.53200006	48	2.24E-04	-4.01E-03	-39.49526108	8.81E-05				39.49526108	0.000224202
101.599	49	2.25E-04	-4.01E-03	-39.53910345	8.83E-05				39.53910345	0.00022457
103.6670001	50	2.25E-04	-4.10E-03	-40.35255172	8.82E-05				40.35255172	0.000225026
105.733	51	4.24E-04	-7.68E-03	-75.69506404	8.81E-05					
107.8010001	52	4.33E-04	-7.25E-03	-71.47305419	8.86E-05					
109.868	53	2.91E-04	-4.72E-03	-46.50117241	8.82E-05					
111.9349999	54	2.59E-04	-4.64E-03	-45.74782266	8.82E-05					
114.0020001	55	2.67E-04	-4.75E-03	-46.79880788	8.80E-05					
116.0699999	56	2.76E-04	-5.16E-03	-50.87612808	8.81E-05					
118.138	57	2.90E-04	-5.18E-03	-51.06904434	8.81E-05					
120.2049999	58	2.91E-04	-5.22E-03	-51.42147783	8.82E-05					
122.2720001	59	2.92E-04	-5.21E-03	-51.37479803	8.81E-05					
124.3399999	60	2.90E-04	-5.13E-03	-50.56753695	8.81E-05					
126.4070001	61	2.77E-04	-4.96E-03	-48.81799015	8.83E-05					
128.474	62	2.77E-04	-4.97E-03	-49.01168473	8.83E-05					
130.5409999	63	2.75E-04	-4.92E-03	-48.49960591	8.81E-05					
132.609	64	2.75E-04	-4.91E-03	-48.40610837	8.78E-05					
134.677	65	2.85E-04	-5.10E-03	-50.23882759	8.79E-05				50.23882759	0.000285331
136.744	66	2.85E-04	-5.10E-03	-50.2297931	8.80E-05				50.2297931	0.000285185
138.812	67	2.85E-04	-5.10E-03	-50.25791133	8.80E-05				50.25791133	0.000285373
140.8789999	68	2.85E-04	-5.10E-03	-50.25456158	8.81E-05				50.25456158	0.00028531
142.9460001	69	2.85E-04	-5.10E-03	-50.25094581	8.78E-05				50.25094581	0.000285347
145.0139999	70	2.85E-04	-5.10E-03	-50.26203941	8.82E-05				50.26203941	0.000285416
147.0810001	71	2.85E-04	-5.10E-03	-50.26280788	8.80E-05				50.26280788	0.000285392
149.148	72	2.85E-04	-5.10E-03	-50.26229557	8.80E-05				50.26229557	0.00028537
151.2160001	73	2.85E-04	-5.10E-03	-50.26384236	8.81E-05				50.26384236	0.000285406
153.2839999	74	2.85E-04	-5.10E-03	-50.25094581	8.82E-05				50.25094581	0.000285338
155.3510001	75	2.85E-04	-5.10E-03	-50.25145813	8.83E-05				50.25145813	0.000285405
157.4189999	76	2.86E-04	-5.10E-03	-50.2777734	8.81E-05				50.2777734	0.000285534
159.4860001	77	2.85E-04	-5.10E-03	-50.27338916	8.79E-05				50.27338916	0.000285455
161.5539999	78	2.85E-04	-5.10E-03	-50.27184236	8.82E-05				50.27184236	0.000285471
163.6199999	79	2.85E-04	-5.10E-03	-50.27184236	8.81E-05				50.27184236	0.00028545
165.687	80	2.85E-04	-5.10E-03	-50.28008867	8.78E-05				50.28008867	0.00028549
167.7550001	81	2.85E-04	-5.10E-03	-50.27312315	8.80E-05				50.27312315	0.000285405
169.823	82	2.85E-04	-5.10E-03	-50.25765517	8.79E-05				50.25765517	0.000285335
171.8889999	83	2.85E-04	-5.10E-03	-50.27312315	8.79E-05				50.27312315	0.000285352
173.957	84	2.85E-04	-5.10E-03	-50.28421675	8.81E-05				50.28421675	0.000285482
176.0239999	85	2.85E-04	-5.10E-03	-50.27648276	8.83E-05				50.27648276	0.000285484
178.0910001	86	3.56E-04	-6.52E-03	-64.23581281	8.81E-05					
180.1589999	87	3.74E-04	-6.65E-03	-65.55476847	8.78E-05					
182.2260001	88	3.05E-04	-5.45E-03	-53.71946798	8.83E-05					
184.293	89	3.02E-04	-5.61E-03	-55.22708374	8.83E-05					
186.3610001	90	3.35E-04	-5.99E-03	-59.03359606	8.83E-05					
188.4289999	91	3.35E-04	-6.01E-03	-59.18472906	8.78E-05					
190.497	92	3.42E-04	-6.12E-03	-60.30689655	8.80E-05				60.30689655	0.00034214
192.5639999	93	3.42E-04	-6.17E-03	-60.79035468	8.80E-05				60.79035468	0.000341899
194.632	94	3.45E-04	-6.17E-03	-60.82968473	8.81E-05				60.82968473	0.000345282
196.6990001	95	3.45E-04	-6.18E-03	-60.83794089	8.78E-05				60.83794089	0.000345345
198.766	96	3.45E-04	-6.18E-03	-60.83768473	8.81E-05				60.83768473	0.000345325
200.8329999	97	3.45E-04	-6.18E-03	-60.85238424	8.84E-05				60.85238424	0.000345421
202.901	98	3.45E-04	-6.18E-03	-60.85147783	8.78E-05				60.85147783	0.000345411
204.9690001	99	3.45E-04	-6.18E-03	-60.87017734	8.77E-05				60.87017734	0.000345463
207.0369999	100	3.45E-04	-6.18E-03	-60.86863054	8.83E-05				60.86863054	0.000345475
209.1040001	101	3.46E-04	-6.18E-03	-60.86837438	8.82E-05				60.86837438	0.000345505
211.171	102	3.46E-04	-6.18E-03	-60.87636453	8.78E-05				60.87636453	0.000345507
213.2390001	103	3.46E-04	-6.18E-03	-60.8719803	8.79E-05				60.8719803	0.000345531
215.306	104	3.46E-04	-6.18E-03	-60.8719803	8.80E-05				60.8719803	0.000345544
217.3729999	105	3.46E-04	-6.18E-03	-60.87430542	8.83E-05				60.87430542	0.000345516
219.4400001	106	3.46E-04	-6.18E-03	-60.88462069	8.81E-05				60.88462069	0.000345548
221.5079999	107	3.46E-04	-6.18E-03	-60.88178325	8.81E-05				60.88178325	0.000345579
223.576	108	3.46E-04	-6.18E-03	-60.87765517	8.82E-05				60.87765517	0.000345551
225.6429999	109	3.46E-04	-6.18E-03	-60.88281773	8.79E-05				60.88281773	0.000345628
227.711	110	3.46E-04	-6.18E-03	-60.8977734	8.81E-05				60.8977734	0.000345616
229.7780001	111	3.46E-04	-6.18E-03	-60.89802956	8.83E-05				60.89802956	0.000345669
231.845	112	3.46E-04	-6.18E-03	-60.89571429	8.81E-05				60.89571429	0.000345684
233.9130001	113	3.42E-04	-6.19E-03	-61.02827586	8.81E-05					
235.98	114	5.59E-04	-1.00E-02	-98.60750739	8.80E-05					
238.03	115	5.59E-04	-9.84E-03	-96.8969064	8.81E-05					
240.099	116	4.91E-04	-8.76E-03	-86.29366502	8.81E-05					
242.1659999	117	4.18E-04	-6.99E-03	-68.82663054	8.80E-05					
244.234	118	3.42E-04	-6.07E-03	-59.80707389	8.79E-05					
246.3010001	119	3.68E-04	-6.80E-03	-66.97353695	8.81E-05					
248.368	120	3.77E-04	-6.73E-03	-66.33881773	8.81E-05					
250.4360001	121	4.06E-04	-7.59E-03	-74.81390148	8.80E-05					
252.5039999	122	4.22E-04	-7.07E-03	-69.60719212	8.81E-05					
254.5710001	123	3.55E-04	-6.34E-03	-62.47027586	8.82E-05					
256.638	124	3.55E-04	-6.34E-03	-62.50522167	8.82E-05					
258.7060001	125	3.51E-04	-6.67E-03	-65.71157635	8.81E-05					
260.773	126	4.09E-04	-7.33E-03	-72.21093596	8.74E-05					
262.8399999	127	4.11E-04	-7.31E-03	-72.05889655	8.80E-05					
264.908	128	3.74E-04	-6.40E-03	-63.07004926	8.78E-05					
266.9749999	129	3.54E-04	-6.25E-03	-61.5457931	8.83E-05					
269.0420001	130	3.69E-04	-6.58E-03	-64.85041379	8.80E-05					
271.1099999	131	3.71E-04	-6.63E-03	-65.27764532	8.78E-05					
273.177	132	3.80E-04	-6.79E-03	-66.86946798	8.81E-05					
275.2449999	133	3.83E-04	-6.89E-03	-67.85121182	8.78E-05					
277.313	134	3.79E-04	-6.76E-03	-66.64508374	8.80E-05					
279.3789999	135	3.79E-04	-6.77E-03	-66.66416749	8.76E-05					
281.447	136	4.21E-04	-7.86E-03	-77.45349754	8.80E-05					
283.5139999	137	4.23E-04	-7.60E-03	-74.92300493	8.80E-05					
285.5810001	138	4.33E-04	-7.85E-03	-77.35226601	8.79E-05					
287.6489999	139	4.34E-04	-7.76E-03	-76.43951724	8.80E-05					
289.7160001	140	4.34E-04	-7.76E-03	-76.47614778	8.80E-05					
291.7839999	141	4.33E-04	-7.76E-03	-76.48117241	8.83E-05					
293.852	142	4.41E-04	-7.92E-03	-78.02993103	8.80E-05					
295.9189999	143	4.30E-04	-7.76E-03	-76.49368473	8.79E-05					
297.9860001	144	4.17E-04	-6.84E-03	-67.35279803	8.79E-05					
300.0539999	145	3.35E-04	-5.93E-03	-58.4590936	8.78E-05					
302.1210001	146	3.45E-04	-6.35E-03	-62.51928079	8.81E-05					
304.187	147	3.60E-04	-6.98E-03	-68.76924138	8.79E-05					
306.2550001	148	3.88E-04	-6.96E-03	-68.53519212	8.78E-05					
308.323	149	3.97E-04	-7.41E-03	-72.97151724	8.77E-05					
310.391	150	4.30E-04	-7.74E-03	-76.24879803	8.82E-05					
312.4590001	151	4.22E-04	-7.38E-03	-72.69929064	8.78E-05					
314.526	152	4.11E-04	-7.31E-03	-71.99326108	8.77E-05					
316.5929999	153	4.10E-04	-7.34E-03	-72.33112315	8.78E-05					
318.661	154	4.09E-04	-7.04E-03	-69.31189163	8.82E-05					
320.7279999	155	3.91E-04	-6.99E-03	-68.90270936	8.81E-05				68.90270936	0.000390999
322.7950001	156	3.91E-04	-6.99E-03	-68.90864039	8.80E-05				68.90864039	0.000391092
324.8629999	157	3.91E-04	-6.99E-03	-68.91612808	8.80E-05				68.91612808	0.000391081
326.931	158	3.91E-04	-6.99E-03	-68.91612808	8.78E-05				68.91612808	0.00039112
328.9979999	159	3.91E-04	-7.00E-03	-68.92360591	8.80E-05				68.92360591	0.000391159
331.066	160	3.91E-04	-7.00E-03	-68.92759606	8.78E-05				68.92759606	0.000391155
333.1329999	161	3.91E-04	-7.00E-03	-68.92475862	8.79E-05				68.92475862	0.000391153
335.2	162	3.91E-04	-7.00E-03	-68.93263054	8.81E-05				68.93263054	0.000391169
337.267	163	3.91E-04	-7.00E-03	-68.93946798	8.79E-05				68.93946798	0.000391195
339.3340001	164	3.91E-04	-7.00E-03	-68.93559606	8.79E-05				68.93559606	0.000391183
341.401	165	3.91E-04	-7.00E-03	-68.93868966	8.80E-05				68.93868966	0.000391205
343.4690001	166	3.91E-04	-7.00E-03	-68.93752709	8.77E-05				68.93752709	0.000391229
345.5369999	167	3.91E-04	-7.00E-03	-68.94784236	8.81E-05				68.94784236	0.000391271
347.605	168	3.91E-04	-7.00E-03	-68.94385222	8.78E-05				68.94385222	0.000391244
349.6719999	169	3.91E-04	-7.00E-03	-68.94294581	8.81E-05				68.94294581	0.00039123
351.7390001	170	3.91E-04	-7.00E-03	-68.9506798	8.80E-05				68.9506798	0.00039125
353.8069999	171	3.91E-04	-7.00E-03	-68.94320197	8.80E-05				68.94320197	0.000391229
355.8740001	172	3.91E-04	-7.00E-03	-68.94191133	8.81E-05				68.94191133	0.000391243
357.941	173	3.91E-04	-7.00E-03	-68.94694581	8.77E-05				68.94694581	0.000391241
360.0079999	174	3.91E-04	-7.00E-03	-68.94075862	8.79E-05				68.94075862	0.00039124
362.0769999	175	4.35E-04	-8.87E-03	-87.36387192	8.79E-05					
364.1440001	176	5.60E-04	-1.00E-02	-98.68552709	8.77E-05					
366.194	177	5.57E-04	-9.53E-03	-93.89366502	8.80E-05					
368.2609999	178	5.32E-04	-9.54E-03	-93.94614778	8.81E-05					
370.3280001	179	4.77E-04	-7.34E-03	-72.3142266	8.79E-05					
372.395	180	4.10E-04	-7.46E-03	-73.46838424	8.78E-05					
374.4619999	181	4.96E-04	-9.35E-03	-92.10079803	8.80E-05					
376.529	182	5.57E-04	-9.99E-03	-98.39524138	8.81E-05					
378.596	183	5.44E-04	-9.74E-03	-95.91723153	8.81E-05					
380.664	184	5.28E-04	-8.50E-03	-83.78367488	8.81E-05					
382.7309999	185	4.79E-04	-8.57E-03	-84.39776355	8.78E-05					
384.799	186	4.76E-04	-8.50E-03	-83.76562562	8.79E-05					
386.8659999	187	4.73E-04	-8.46E-03	-83.39862069	8.81E-05					
388.9330001	188	4.70E-04	-8.21E-03	-80.90150739	8.79E-05					
391.0009999	189	4.44E-04	-7.93E-03	-78.17384236	8.78E-05					
393.0680001	190	4.43E-04	-7.93E-03	-78.15450246	8.78E-05					
395.135	191	4.42E-04	-8.04E-03	-79.22380296	8.80E-05					
397.2030001	192	4.93E-04	-8.82E-03	-86.93729064	8.80E-05					
399.27	193	4.92E-04	-8.80E-03	-86.69600985	8.78E-05					
401.3380001	194	4.48E-04	-8.00E-03	-78.79269951	8.78E-05				78.79269951	0.000448048
403.405	195	4.47E-04	-8.00E-03	-78.79463054	8.79E-05				78.79463054	0.000447147
405.4720001	196	4.47E-04	-8.00E-03	-78.81333005	8.76E-05				78.81333005	0.000447187
407.54	197	4.47E-04	-8.00E-03	-78.82687685	8.76E-05				78.82687685	0.00044725
409.6070001	198	4.47E-04	-8.00E-03	-78.83937931	8.79E-05				78.83937931	0.000447268
411.675	199	4.47E-04	-8.00E-03	-78.8357734	8.81E-05				78.8357734	0.000447359
413.744	200	4.47E-04	-8.00E-03	-78.83990148	8.81E-05				78.83990148	0.000447351
415.8110001	201	4.47E-04	-8.00E-03	-78.83796059	8.80E-05				78.83796059	0.000447356
417.878	202	4.47E-04	-8.00E-03	-78.82764532	8.80E-05				78.82764532	0.000447325
419.9460001	203	4.47E-04	-8.00E-03	-78.83048276	8.78E-05				78.83048276	0.000447331
422.013	204	4.47E-04	-8.00E-03	-78.82919212	8.81E-05				78.82919212	0.000447331
424.0799999	205	4.47E-04	-8.00E-03	-78.8293202	8.79E-05				78.8293202	0.000447327
426.148	206	4.47E-04	-8.00E-03	-78.83255172	8.79E-05				78.83255172	0.000447332
428.2149999	207	4.47E-04	-8.00E-03	-78.83590148	8.79E-05				78.83590148	0.000447352
430.2820001	208	4.47E-04	-8.02E-03	-79.01076847	8.79E-05				79.01076847	0.000447357
432.3499999	209	4.48E-04	-8.02E-03	-79.02623645	8.81E-05				79.02623645	0.000448427
434.4170001	210	4.48E-04	-8.02E-03	-79.02521182	8.77E-05				79.02521182	0.000448414
436.4849999	211	4.49E-04	-8.02E-03	-79.02392118	8.79E-05				79.02392118	0.000448557
438.552	212	4.83E-04	-9.79E-03	-96.48631527	8.78E-05					
440.6199999	213	5.44E-04	-9.72E-03	-95.80207882	8.81E-05					
442.687	214	4.39E-04	-7.95E-03	-78.33104434	8.78E-05					
444.7550001	215	4.45E-04	-7.98E-03	-78.57773399	8.79E-05					
446.822	216	4.61E-04	-8.29E-03	-81.7015468	8.80E-05					
448.8900001	217	5.02E-04	-9.68E-03	-95.37575369	8.80E-05					
450.957	218	5.34E-04	-9.74E-03	-96.00414778	8.80E-05					
453.0239999	219	5.34E-04	-8.95E-03	-88.16481773	8.79E-05					
455.0899999	220	5.09E-04	-8.89E-03	-87.58605911	8.81E-05					
457.158	221	4.95E-04	-8.88E-03	-87.51449261	8.81E-05					
459.2249999	222	5.26E-04	-9.76E-03	-96.13259113	8.80E-05					
461.2920001	223	5.43E-04	-9.72E-03	-95.78105419	8.83E-05					
463.359	224	5.36E-04	-9.57E-03	-94.32773399	8.76E-05					
465.4260001	225	5.37E-04	-9.54E-03	-93.96136946	8.79E-05					
467.4949999	226	5.14E-04	-9.41E-03	-92.68316256	8.81E-05					
469.563	227	5.29E-04	-9.45E-03	-93.1499803	8.80E-05					
471.6300001	228	5.25E-04	-9.16E-03	-90.2306798	8.80E-05					
473.697	229	4.74E-04	-8.48E-03	-83.55748768	8.82E-05					
475.7650001	230	4.74E-04	-8.48E-03	-83.56265025	8.82E-05					
477.8310001	231	5.14E-04	-9.33E-03	-91.93792118	8.83E-05					
479.8989999	232	5.12E-04	-9.16E-03	-90.20282759	8.80E-05				90.20282759	0.000511894
481.9660001	233	5.12E-04	-9.16E-03	-90.29077833	8.77E-05				90.29077833	0.000512323
484.0350001	234	5.12E-04	-9.17E-03	-90.30302463	8.81E-05				90.30302463	0.000512395
486.102	235	5.12E-04	-9.17E-03	-90.30689655	8.79E-05				90.30689655	0.000512392
488.1689999	236	5.12E-04	-9.17E-03	-90.30276847	8.80E-05				90.30276847	0.000512411
490.2360001	237	5.12E-04	-9.17E-03	-90.31592118	8.80E-05				90.31592118	0.00051246
492.303	238	5.12E-04	-9.17E-03	-90.31837438	8.81E-05				90.31837438	0.00051248
494.3699999	239	5.12E-04	-9.17E-03	-90.31566502	8.79E-05				90.31566502	0.000512475
496.438	240	5.12E-04	-9.17E-03	-90.31721182	8.80E-05				90.31721182	0.000512478
498.506	241	5.12E-04	-9.17E-03	-90.32210837	8.78E-05				90.32210837	0.000512498
500.573	242	5.12E-04	-9.17E-03	-90.31850246	8.80E-05				90.31850246	0.000512473
502.641	243	5.12E-04	-9.17E-03	-90.3213399	8.79E-05				90.3213399	0.000512493
504.7090001	244	5.12E-04	-9.17E-03	-90.3213399	8.81E-05				90.3213399	0.000512499
506.776	245	5.12E-04	-9.17E-03	-90.32237438	8.80E-05				90.32237438	0.000512494
508.842	246	5.12E-04	-9.17E-03	-90.32314286	8.76E-05				90.32314286	0.00051249
