Time (s) 	 Counter 	 SQUID voltage (V) 	 Calculated Mod Coil Current (uA) 	 Calculated Squid Current (uA) 	 Temp Probe Voltage (V) 				
0	0	-1.45E-06	-19.76596059	-14.79869951	1.05E-04			19.76596059	-1.45E-06
3.924999952	1	-1.46E-06	-19.48094581	-14.80024631	1.06E-04			19.48094581	-1.46E-06
7.838000059	2	-1.47E-06	-18.26155665	-14.79664039	1.06E-04			18.26155665	-1.47E-06
11.75	3	-1.46E-06	-18.26069951	-14.80076847	1.06E-04			18.26069951	-1.46E-06
15.66100001	4	-1.44E-06	-18.26155665	-14.80231527	1.06E-04			18.26155665	-1.44E-06
19.57299995	5	-1.48E-06	-18.26606897	-14.79999015	1.06E-04			18.26606897	-1.48E-06
23.4849999	6	-1.48E-06	-19.80746798	-14.80024631	1.06E-04			19.80746798	-1.48E-06
27.39700007	7	-1.50E-06	-19.75180296	-14.79793103	1.05E-04			19.75180296	-1.50E-06
31.30900002	8	-1.50E-06	-19.75595074	-14.79740887	1.05E-04			19.75595074	-1.50E-06
35.22099996	9	-1.50E-06	-21.68942857	-14.80128079	1.06E-04			21.68942857	-1.50E-06
39.13199997	10	-1.53E-06	-21.69895567	-14.79999015	1.05E-04			21.69895567	-1.53E-06
43.04500008	11	-1.52E-06	-24.32865025	-14.79818719	1.06E-04			24.32865025	-1.52E-06
46.95600009	12	-1.53E-06	-24.28397044	-14.80282759	1.06E-04			24.28397044	-1.53E-06
50.86800003	13	-1.51E-06	-27.93130049	-14.80102463	1.06E-04			27.93130049	-1.51E-06
54.77999997	14	-1.53E-06	-27.73991133	-14.79895567	1.05E-04			27.73991133	-1.53E-06
58.69099998	15	-1.52E-06	-27.74650246	-14.80076847	1.05E-04			27.74650246	-1.52E-06
62.60400009	16	-1.45E-06	-32.59333005	-14.79767488	1.05E-04			32.59333005	-1.45E-06
66.5150001	17	-1.44E-06	-32.5524335	-14.79947783	1.06E-04			32.5524335	-1.44E-06
70.42700005	18	-1.45E-06	-32.55915271	-14.79611823	1.06E-04			32.55915271	-1.45E-06
74.33899999	19	-1.39E-06	-37.5735665	-14.79922167	1.06E-04			37.5735665	-1.39E-06
78.25099993	20	-1.38E-06	-38.59351724	-14.79999015	1.05E-04			38.59351724	-1.38E-06
82.16300011	21	-1.34E-06	-38.57032512	-14.79922167	1.06E-04			38.57032512	-1.34E-06
86.07500005	22	-1.26E-06	-43.78553695	-14.79715271	1.06E-04			43.78553695	-1.26E-06
89.98600006	23	-1.31E-06	-43.38176355	-14.79638424	1.06E-04			43.38176355	-1.31E-06
93.898	24	-1.31E-06	-43.47037438	-14.79844335	1.06E-04			43.47037438	-1.31E-06
97.80999994	25	-1.30E-06	-46.14853202	-14.7950936	1.06E-04			46.14853202	-1.30E-06
101.721	26	-1.27E-06	-46.16721182	-14.79793103	1.06E-04			46.16721182	-1.27E-06
105.6329999	27	-1.22E-06	-50.12567488	-14.79818719	1.06E-04			50.12567488	-1.22E-06
109.5439999	28	-1.23E-06	-50.28752709	-14.79715271	1.06E-04			50.28752709	-1.23E-06
113.457	29	-1.22E-06	-50.39848276	-14.79818719	1.06E-04			50.39848276	-1.22E-06
117.368	30	-1.17E-06	-57.17302463	-14.79715271	1.06E-04			57.17302463	-1.17E-06
121.28	31	-1.14E-06	-57.08941872	-14.79844335	1.06E-04			57.08941872	-1.14E-06
125.191	32	-1.16E-06	-57.08233498	-14.79715271	1.06E-04			57.08233498	-1.16E-06
129.1040001	33	-1.04E-06	-66.25834483	-14.79818719	1.06E-04			66.25834483	-1.04E-06
133.016	34	-1.04E-06	-66.31900493	-14.79638424	1.06E-04			66.31900493	-1.04E-06
136.927	35	-1.06E-06	-65.66170443	-14.79947783	1.06E-04			65.66170443	-1.06E-06
140.8399999	36	-1.09E-06	-64.7075468	-14.80051232	1.06E-04			64.7075468	-1.09E-06
144.7509999	37	-1.07E-06	-64.62552709	-14.79947783	1.06E-04			64.62552709	-1.07E-06
148.664	38	-1.08E-06	-64.35100493	-14.79611823	1.06E-04			64.35100493	-1.08E-06
152.576	39	-9.87E-07	-80.69408867	-14.79999015	1.06E-04			80.69408867	-9.87E-07
156.487	40	-9.89E-07	-80.80967488	-14.79947783	1.06E-04			80.80967488	-9.89E-07
160.3989999	41	-9.97E-07	-80.70055172	-14.79793103	1.06E-04			80.70055172	-9.97E-07
164.312	42	-1.05E-06	-69.13778325	-14.79793103	1.06E-04			69.13778325	-1.05E-06
168.2230001	43	-1.03E-06	-69.08053202	-14.79818719	1.06E-04			69.08053202	-1.03E-06
172.135	44	-1.03E-06	-69.14449261	-14.79844335	1.06E-04			69.14449261	-1.03E-06
176.0469999	45	-1.00E-06	-73.08586207	-14.80076847	1.06E-04			73.08586207	-1.00E-06
179.9590001	46	-1.16E-06	-73.11612808	-14.80037438	1.06E-04			73.11612808	-1.16E-06
183.8710001	47	-1.16E-06	-73.1544532	-14.79638424	1.06E-04			73.1544532	-1.16E-06
187.783	48	-1.32E-06	-86.47763547	-14.79728079	1.06E-04			86.47763547	-1.32E-06
191.694	49	-1.34E-06	-87.09124138	-14.79715271	1.06E-04			87.09124138	-1.34E-06
195.6059999	50	-1.34E-06	-86.95831527	-14.79302463	1.07E-04			86.95831527	-1.34E-06
199.5190001	51	-1.42E-06	-103.5012315	-14.79457143	1.06E-04			103.5012315	-1.42E-06
203.414	52	-1.49E-06	-103.5308867	-14.79664039	1.06E-04			103.5308867	-1.49E-06
207.309	53	-1.48E-06	-103.9117241	-14.79573399	1.07E-04			103.9117241	-1.48E-06
211.204	54	-1.46E-06	-95.69902463	-14.79702463	1.06E-04			95.69902463	-1.46E-06
215.1159999	55	-1.28E-06	-85.3779803	-14.79844335	1.06E-04			85.3779803	-1.28E-06
219.029	56	-1.29E-06	-85.98658128	-14.7990936	1.06E-04			85.98658128	-1.29E-06
222.941	57	-1.32E-06	-86.32933005	-14.79767488	1.07E-04			86.32933005	-1.32E-06
226.852	58	-1.31E-06	-86.09692611	-14.7990936	1.06E-04			86.09692611	-1.31E-06
230.7639999	59	-1.30E-06	-85.49662069	-14.79740887	1.06E-04			85.49662069	-1.30E-06
234.677	60	-1.39E-06	-88.73785222	-14.79431527	1.06E-04			88.73785222	-1.39E-06
238.589	61	-1.43E-06	-88.07163547	-14.80153695	1.07E-04			88.07163547	-1.43E-06
242.5009999	62	-1.41E-06	-89.18130049	-14.79922167	1.07E-04			89.18130049	-1.41E-06
246.4119999	63	-1.54E-06	-101.2686995	-14.79740887	1.07E-04			101.2686995	-1.54E-06
250.3069999	64	-1.50E-06	-100.7359015	-14.79689655	1.07E-04			100.7359015	-1.50E-06
