Counter,Time(s),Temperature Voltage(V),Magnet Current(A),Field Coil Current(mA),SQUID Voltage(uV),Mod Current(uA),Pickup Loop Current(uA),
0,0.00599980354309,+1.57080690E+00
,,,+1.21693000E-06,0.00612946330778,-55.1337438424
1,2.17199993134,+1.57080690E+00
,,,-5.67652000E-06,0.90829211391,-55.1296453202
2,4.08399987221,+1.57080940E+00
,,,+6.67820000E-07,1.8144162103,-55.1324630542
3,5.88499999046,+1.57080440E+00
,,,-3.76209000E-06,2.70860405257,-55.1318226601
4,7.70299983025,+1.57080440E+00
,,,-4.16278000E-06,3.62718860898,-55.131182266
5,9.52199983597,+1.57081190E+00
,,,-1.97379000E-06,4.52613855422,-55.1284926108
6,11.3389999866,+1.57080690E+00
,,,+5.47617000E-06,5.42463340635,-55.1270837438
7,13.1579999924,+1.57081190E+00
,,,+1.35197600E-05,6.3533286966,-55.1322068966
8,14.9769999981,+1.57081190E+00
,,,+1.77122200E-05,7.25317437021,-55.1307980296
9,16.7939999104,+1.57081310E+00
,,,+1.31190600E-05,8.15813165389,-55.1296453202
10,18.6109998226,+1.57080320E+00
,,,+5.38713000E-06,9.05719189485,-55.1278522167
11,20.4299998283,+1.57080570E+00
,,,+3.68046000E-06,9.95742223439,-55.1293891626
12,22.2479999065,+1.57080820E+00
,,,+3.43559000E-06,10.8769520263,-55.1301576355
13,24.0669999123,+1.57081190E+00
,,,+6.01040000E-07,11.7794961665,-55.126955665
14,25.8619999886,+1.57080820E+00
,,,-1.10117200E-05,12.6764512596,-55.1279802956
15,27.6819999218,+1.57080690E+00
,,,-1.70444100E-05,13.5735520263,-55.1240098522
16,29.5,+1.57080940E+00
,,,-1.14569200E-05,14.479263965,-55.1305418719
17,31.3169999123,+1.57080820E+00
,,,-4.08116000E-06,15.375543264,-55.1288768473
18,33.135999918,+1.57080940E+00
,,,-3.30945000E-06,16.271415115,-55.1265714286
19,34.9539999962,+1.57080940E+00
,,,-4.37055000E-06,17.1774852136,-55.1264433498
20,36.771999836,+1.57081310E+00
,,,+4.68220000E-06,18.0924238773,-55.1272118227
21,38.5899999142,+1.57081060E+00
,,,+1.64285100E-05,18.9494271632,-55.1256748768
22,40.4079999924,+1.57080940E+00
,,,+1.53451400E-05,19.8753318729,-55.1246502463
23,42.2259998322,+1.57081190E+00
,,,+5.09031000E-06,20.7919638554,-55.1258029557
24,44.0460000038,+1.57080820E+00
,,,+3.62110000E-06,21.7078696605,-55.1237536946
25,45.8639998436,+1.57081060E+00
,,,+4.55605000E-06,22.6235191676,-55.1246502463
26,47.6819999218,+1.57080690E+00
,,,-7.26445000E-06,23.6009342826,-55.1238817734
27,49.4989998341,+1.57080690E+00
,,,-1.70889400E-05,24.5273603505,-55.1236256158
28,51.3179998398,+1.57080570E+00
,,,-1.15311200E-05,25.431754655,-55.1216945813
29,53.1369998455,+1.57080690E+00
,,,-3.39849000E-06,26.1817831325,-55.121182266
30,54.9539999962,+1.57080570E+00
,,,-4.01437000E-06,27.0879978094,-55.1216945813
31,56.7730000019,+1.57081060E+00
,,,+1.48406000E-06,28.0131369113,-55.1204137931
32,58.5899999142,+1.57080690E+00
,,,+1.60129700E-05,28.9393877327,-55.1210541872
33,60.4089999199,+1.57080820E+00
,,,+1.26070600E-05,29.8463975904,-55.1209261084
34,62.2289998531,+1.57080940E+00
,,,+3.65820000E-06,30.7749069003,-55.1196453202
35,64.0449998379,+1.57080690E+00
,,,+4.86770000E-06,31.7023581599,-55.1226009852
36,65.8629999161,+1.57080690E+00
,,,-4.74898000E-06,32.6085191676,-55.1210541872
37,67.6809999943,+1.57080820E+00
,,,-1.64804700E-05,33.5370700986,-55.1226009852
38,69.5,+1.57080820E+00
,,,-1.28148300E-05,34.4446297919,-55.1204137931
39,71.3179998398,+1.57080690E+00
,,,-4.43733000E-06,35.3679145674,-55.126955665
40,73.135999918,+1.57081310E+00
,,,-3.61368000E-06,36.2957732749,-55.1202857143
41,74.9539999962,+1.57081310E+00
,,,-4.96417000E-06,37.0273745893,-55.1184926108
42,76.771999836,+1.57080940E+00
,,,-1.23177000E-06,37.9338083242,-55.1172118227
43,78.5909998417,+1.57080320E+00
,,,+7.33866000E-06,38.860245345,-55.119773399
44,80.4089999199,+1.57081190E+00
,,,+1.39204600E-05,39.7870777656,-55.115546798
45,82.2269999981,+1.57080940E+00
,,,+1.78012700E-05,40.6956670318,-55.1159310345
46,84.0460000038,+1.57080940E+00
,,,+1.58942500E-05,41.6201675794,-55.1173399015
47,85.8639998436,+1.57080440E+00
,,,+1.01361000E-05,42.5459868565,-55.1149064039
48,87.6809999943,+1.57081190E+00
,,,+5.39454000E-06,43.4531851041,-55.1158029557
49,89.4989998341,+1.57080820E+00
,,,+2.71582000E-06,44.3778882804,-55.1123448276
50,91.3179998398,+1.57080570E+00
,,,+4.83061000E-06,45.2820657174,-55.1146502463
51,93.135999918,+1.57081310E+00
,,,+4.31118000E-06,46.5006122673,-55.114137931
52,94.9549999237,+1.57081060E+00
,,,-4.31860000E-06,47.2587163198,-55.1159310345
53,96.7730000019,+1.57080940E+00
,,,-1.55381000E-05,48.16966046,-55.1134975369
54,98.5909998417,+1.57081190E+00
,,,-1.64507900E-05,49.0834709748,-55.1138817734
55,100.409999847,+1.57080820E+00
,,,-4.42249000E-06,49.992422782,-55.11208867
56,102.226999998,+1.57081060E+00
,,,-3.42075000E-06,50.946060241,-55.1100394089
57,104.046000004,+1.57080820E+00
,,,+1.48406000E-06,51.8590032859,-55.1090147783
58,105.862999916,+1.57081310E+00
,,,+1.63468900E-05,52.771958379,-55.1105517241
59,107.680999994,+1.57081060E+00
,,,+1.07297300E-05,53.6870427163,-55.1105517241
60,109.5,+1.57081310E+00
,,,+3.23524000E-06,54.6381478642,-55.109270936
61,111.31799984,+1.57080820E+00
,,,+1.85508000E-06,55.5497754655,-55.1105517241
62,113.136999846,+1.57081190E+00
,,,-1.64211100E-05,56.4636297919,-55.1102955665
63,114.953999996,+1.57080820E+00
,,,-6.45564000E-06,57.3774392114,-55.107862069
64,116.773000002,+1.57080940E+00
,,,-1.95896000E-06,58.1289025192,-55.109270936
65,118.592000008,+1.57080820E+00
,,,+5.22388000E-06,59.0444797371,-55.1087586207
66,120.40899992,+1.57080440E+00
,,,+1.76899600E-05,59.9575706462,-55.1079901478
67,122.227999926,+1.57080820E+00
,,,+7.33866000E-06,60.9078948521,-55.1061970443
68,124.044999838,+1.57080940E+00
,,,+3.58400000E-06,61.8230197152,-55.1083743842
69,125.862999916,+1.57080440E+00
,,,+4.69704000E-06,62.7341840088,-55.1063251232
70,127.680999994,+1.57081560E+00
,,,-3.02748000E-06,63.6484731654,-55.1082463054
71,129.498999834,+1.57080690E+00
,,,-1.26293400E-05,64.5983340635,-55.1079901478
72,131.319000006,+1.57081190E+00
,,,-1.73709100E-05,65.512898138,-55.1061970443
73,133.136999846,+1.57080820E+00
,,,-1.61836600E-05,66.4251303395,-55.1038916256
74,134.954999924,+1.57080440E+00
,,,-1.05887400E-05,67.3374972618,-55.1087586207
75,136.773000002,+1.57080570E+00
,,,-5.36487000E-06,68.0894939759,-55.1033793103
76,138.590999842,+1.57080690E+00
,,,-3.77693000E-06,69.0032782037,-55.1044039409
77,140.40899992,+1.57080820E+00
,,,-4.09600000E-06,69.9160164294,-55.1031231527
78,142.227999926,+1.57081060E+00
,,,-4.82319000E-06,70.8653559693,-55.1028669951
79,144.044999838,+1.57080940E+00
,,,+1.45437000E-06,71.7766812705,-55.1058128079
80,145.862999916,+1.57081190E+00
,,,+1.26738500E-05,72.692041621,-55.103635468
81,147.682999849,+1.57080940E+00
,,,+1.76825300E-05,73.6050306681,-55.099408867
82,149.5,+1.57080820E+00
,,,+9.94318000E-06,74.5602825849,-55.0982561576
83,151.319000006,+1.57080820E+00
,,,+3.39850000E-06,75.472388828,-55.1029950739
84,153.135999918,+1.57080940E+00
,,,+4.42249000E-06,76.3839868565,-55.1001773399
85,154.953999996,+1.57081310E+00
,,,-4.65994000E-06,77.2947907996,-55.1014581281
86,156.773999929,+1.57081060E+00
,,,-1.73263900E-05,78.2074173056,-55.1035073892
87,158.589999914,+1.57081430E+00
,,,-7.59096000E-06,78.9635651698,-55.0997931034
88,160.40899992,+1.57081430E+00
,,,-3.37623000E-06,79.8730503834,-55.1009458128
89,162.226999998,+1.57080940E+00
,,,-1.69182000E-06,80.7865323111,-55.0995369458
90,164.04399991,+1.57080690E+00
,,,+1.48257200E-05,81.7382738226,-55.0981280788
91,165.86500001,+1.57080820E+00
,,,+1.21470100E-05,82.6520240964,-55.0973596059
92,167.681999922,+1.57080940E+00
,,,+3.58400000E-06,83.5642727273,-55.0953103448
93,169.5,+1.57080940E+00
,,,+4.34828000E-06,84.4785936473,-55.0958226601
94,171.31799984,+1.57080820E+00
,,,-1.03364500E-05,85.4305958379,-55.0960788177
95,173.135999918,+1.57080440E+00
,,,-1.71408800E-05,86.3416878423,-55.0978719212
96,174.953999996,+1.57080820E+00
,,,-6.20336000E-06,87.2543099671,-55.0964630542
97,176.773000002,+1.57080820E+00
,,,-3.51721000E-06,88.1655345016,-55.0958226601
98,178.590999842,+1.57081430E+00
,,,-4.62283000E-06,88.9175618839,-55.0947980296
99,180.40899992,+1.57080820E+00
,,,+4.34087000E-06,89.8306243154,-55.0958226601
100,182.226999998,+1.57081190E+00
,,,+1.47663700E-05,90.7399802848,-55.096591133
101,184.046000004,+1.57080820E+00
,,,+1.82613200E-05,91.6917031763,-55.0947980296
102,185.863999844,+1.57080940E+00
,,,+1.07890900E-05,92.8274184009,-55.0940295567
103,187.681999922,+1.57081190E+00
,,,+4.80834000E-06,93.7769474261,-55.0936453202
104,189.5,+1.57081190E+00
,,,+4.03664000E-06,94.6508630887,-55.0927487685
105,191.316999912,+1.57081060E+00
,,,+4.74156000E-06,95.6020963855,-55.0924926108
106,193.135999918,+1.57080940E+00
,,,+4.67470000E-07,96.4723778751,-55.0950541872
107,194.955999851,+1.57081060E+00
,,,-1.17240600E-05,97.4204326396,-55.0959507389
108,196.771999836,+1.57081190E+00
,,,-1.70295700E-05,98.3721599124,-55.0878817734
109,198.590999842,+1.57080820E+00
,,,-8.76335000E-06,99.2384950712,-55.0914679803
110,200.40899992,+1.57080820E+00
,,,-3.12394000E-06,100.033110624,-55.0917241379
111,202.226999998,+1.57081060E+00
,,,-9.86900000E-07,100.900845564,-55.0912118227
112,204.046999931,+1.57081060E+00
,,,-2.38191000E-06,101.853947426,-55.0903152709
113,205.862999916,+1.57080690E+00
,,,+9.00823000E-06,102.806267251,-55.0886502463
114,207.681999922,+1.57081310E+00
,,,+1.76305900E-05,103.672778751,-55.086729064
115,209.5,+1.57081060E+00
,,,+1.30300200E-05,104.629032859,-55.090955665
116,211.31799984,+1.57080940E+00
,,,+4.12567000E-06,105.49805586,-55.0872413793
117,213.136999846,+1.57080820E+00
,,,+4.19246000E-06,106.449060241,-55.0877536946
118,214.95299983,+1.57081060E+00
,,,+4.95674000E-06,107.402292442,-55.088137931
119,216.770999908,+1.57080940E+00
,,,-1.30597000E-06,108.274979189,-55.0871133005
120,218.590999842,+1.57081190E+00
,,,-1.17314900E-05,109.22494195,-55.0896748768
121,220.40899992,+1.57081310E+00
,,,-1.75267300E-05,109.935794085,-55.0868571429
122,222.227999926,+1.57080940E+00
,,,-1.32303900E-05,110.891566265,-55.0819901478
123,224.004999876,+1.57081310E+00
,,,-5.32777000E-06,111.839682366,-55.0900591133
124,225.822999954,+1.57081060E+00
,,,-3.39849000E-06,112.714403067,-55.0844236453
125,227.641000032,+1.57081310E+00
,,,-4.88997000E-06,113.65803943,-55.0869852217
