Counter,Time(s),Temperature Voltage(V),Magnet Current(A),Field Coil Current(mA),SQUID Voltage(uV),Mod Current(uA),Pickup Loop Current(uA),
0,0.00999999046326,+1.57092960E+00,,,-36.2053,-95.5555750274,-45.2519901478
0,3.87800002098,+1.57092840E+00,,,-36.21906,-95.5561533406,-45.2531428571
0,6.38100004196,+1.57092840E+00,,,-36.22453,-95.5566736035,-45.2521182266
0,8.88400006294,+1.57092960E+00,,,-36.16978,-95.5561533406,-45.2517339901
0,11.3870000839,+1.57092840E+00,,,-36.20116,-95.5560810515,-45.2493004926
0,13.8900001049,+1.57092840E+00,,,-36.21158,-95.5540700986,-45.2508374384
0,16.3920001984,+1.57092960E+00,,,-36.21838,-95.5547787514,-45.2489162562
0,18.8960001469,+1.57093090E+00,,,-36.18954,-95.5573833516,-45.2516059113
0,21.4000000954,+1.57093460E+00,,,-36.21371,-95.554736035,-45.2512216749
0,23.9020001888,+1.57093090E+00,,,-36.17991,-95.554388828,-45.2510935961
0,26.4060001373,+1.57093330E+00,,,-36.25646,-95.555516977,-45.2521182266
0,28.9090001583,+1.57092840E+00,,,-36.28048,-95.5549386637,-45.2519901478
0,31.4120001793,+1.57092960E+00,,,-36.29585,-95.5545038335,-45.2526305419
0,33.9140000343,+1.57093460E+00,,,-36.2057,-95.5556615553,-45.2552019704
0,36.4170000553,+1.57093330E+00,,,-36.16884,-95.5555596933,-45.2500689655
0,38.9210000038,+1.57093090E+00,,,-36.13732,-95.5552278204,-45.2516059113
0,41.4240000248,+1.57092590E+00,,,-36.10925,-95.55516977,-45.2537931034
0,43.9260001183,+1.57093210E+00,,,-36.06893,-95.5565005476,-45.253270936
0,46.4300000668,+1.57092590E+00,,,-36.07868,-95.5558203724,-45.2541773399
0,48.9330000877,+1.57093090E+00,,,-36.04835,-95.5553723987,-45.2508374384
0,51.4350001812,+1.57092710E+00,,,-36.02632,-95.5556330778,-45.2500689655
0,53.9380002022,+1.57093210E+00,,,-36.02191,-95.5566308872,-45.2510935961
0,56.4420001507,+1.57093090E+00,,,-35.99693,-95.5570065717,-45.2493004926
0,58.9450001717,+1.57092710E+00,,,-36.01951,-95.5562256298,-45.2494285714
0,61.4470000267,+1.57092710E+00,,,-36.00001,-95.5565728368,-45.2527586207
0,63.9500000477,+1.57092590E+00,,,-36.04035,-95.5580777656,-45.2536650246
0,66.4530000687,+1.57092710E+00,,,-36.02766,-95.557253012,-45.2487881773
0,68.9550001621,+1.57092840E+00,,,-36.01283,-95.5571226725,-45.2472512315
0,71.4580001831,+1.57093210E+00,,,-35.9741,-95.5577009858,-45.2485320197
0,73.9620001316,+1.57092590E+00,,,-35.96555,-95.5565290252,-45.251862069
0,76.4639999866,+1.57092840E+00,,,-35.94698,-95.557253012,-45.2510935961
0,78.9670000076,+1.57092960E+00,,,-35.95966,-95.5571653888,-45.2549458128
0,81.4700000286,+1.57092840E+00,,,-35.95006,-95.5576429354,-45.2495566502
0,83.9730000496,+1.57092960E+00,,,-35.94003,-95.5579616648,-45.2508374384
0,86.4760000706,+1.57092840E+00,,,-35.95901,-95.5575421687,-45.2469950739
0,88.9790000916,+1.57092710E+00,,,-35.94378,-95.5564720701,-45.2505812808
0,91.4830000401,+1.57093090E+00,,,-35.92054,-95.5577447974,-45.2505812808
0,93.986000061,+1.57092960E+00,,,-35.92308,-95.556905805,-45.2521182266
0,96.4880001545,+1.57093330E+00,,,-35.88046,-95.5560087623,-45.2510935961
0,98.9910001755,+1.57093090E+00,,,-35.88648,-95.5555454545,-45.2500689655
0,101.493000031,+1.57093090E+00,,,-35.89289,-95.5563559693,-45.2503251232
0,103.995000124,+1.57092840E+00,,,-35.89022,-95.556645126,-45.2495566502
0,106.498000145,+1.57093090E+00,,,-35.89316,-95.5558499452,-45.2498128079
0,109.002000093,+1.57093210E+00,,,-35.8973,-95.5557196057,-45.2493004926
0,111.505000114,+1.57092840E+00,,,-35.86591,-95.5560525739,-45.2482758621
0,114.007000208,+1.57092710E+00,,,-35.86257,-95.5560372399,-45.2544334975
0,116.511000156,+1.57092840E+00,,,-35.85216,-95.5561818182,-45.251862069
0,119.013000011,+1.57092960E+00,,,-35.8428,-95.5577590361,-45.2507093596
0,121.516000032,+1.57093090E+00,,,-35.8408,-95.5549090909,-45.2533990148
0,124.019999981,+1.57092340E+00,,,-35.83131,-95.5549386637,-45.2468669951
0,126.524000168,+1.57093210E+00,,,-35.83345,-95.5552278204,-45.2469950739
0,129.027000189,+1.57092710E+00,,,-35.85657,-95.556109529,-45.2426403941
0,131.529000044,+1.57092840E+00,,,-35.84922,-95.5546484118,-45.2436650246
0,134.032000065,+1.57092840E+00,,,-35.84093,-95.554475356,-45.243408867
0,136.536000013,+1.57092590E+00,,,-35.82758,-95.5555454545,-45.2444334975
0,139.038000107,+1.57092470E+00,,,-35.8404,-95.5557053669,-45.2440492611
0,141.541000128,+1.57092590E+00,,,-35.84922,-95.5555750274,-45.246226601
0,144.045000076,+1.57092340E+00,,,-35.82183,-95.5551117196,-45.2435369458
0,146.54700017,+1.57092590E+00,,,-35.84348,-95.5554304491,-45.2505812808
0,149.050000191,+1.57093090E+00,,,-35.82556,-95.5557480832,-45.2471231527
0,151.553000212,+1.57092710E+00,,,-35.84961,-95.5549671413,-45.2482758621
0,154.055999994,+1.57092960E+00,,,-35.85736,-95.5552562979,-45.2431527094
0,156.558000088,+1.57093090E+00,,,-35.87072,-95.5559791895,-45.242
0,159.062000036,+1.57092960E+00,,,-35.83011,-95.5559507119,-45.2443054187
0,161.565999985,+1.57093210E+00,,,-35.85536,-95.554822563,-45.246226601
0,164.069000006,+1.57093210E+00,,,-35.81942,-95.5548510405,-45.2441773399
0,166.571000099,+1.57092710E+00,,,-35.80982,-95.557253012,-45.2459704433
0,169.075000048,+1.57092960E+00,,,-35.80112,-95.556558598,-45.2450738916
0,171.578000069,+1.57092710E+00,,,-35.80341,-95.5558346112,-45.2446896552
0,174.08100009,+1.57092840E+00,,,-35.83051,-95.5567897043,-45.2427684729
0,176.584000111,+1.57092710E+00,,,-35.84507,-95.5566308872,-45.2466108374
0,179.087000132,+1.57092840E+00,,,-35.84374,-95.5560087623,-45.246226601
0,181.590000153,+1.57092840E+00,,,-35.86617,-95.5560668127,-45.2432807882
0,184.093000174,+1.57092220E+00,,,-35.85683,-95.5551840088,-45.2441773399
0,186.596000195,+1.57092590E+00,,,-35.8253,-95.5565290252,-45.2455862069
0,189.09800005,+1.57092710E+00,,,-35.83505,-95.5568192771,-45.2417438424
0,191.601000071,+1.57092710E+00,,,-35.85897,-95.5561391019,-45.2445615764
0,194.104000092,+1.57092710E+00,,,-35.82731,-95.5561248631,-45.2440492611
0,196.607000113,+1.57093090E+00,,,-35.83612,-95.5567316539,-45.2455862069
0,199.110000134,+1.57092590E+00,,,-35.85428,-95.556645126,-45.2432807882
0,201.613000154,+1.57092710E+00,,,-35.84695,-95.558033954,-45.2453300493
0,204.116000175,+1.57092590E+00,,,-35.85322,-95.5574983571,-45.2454581281
0,206.619000196,+1.57092470E+00,,,-35.86938,-95.5572234392,-45.2435369458
0,209.121999979,+1.57092590E+00,,,-35.85656,-95.5568915663,-45.2443054187
0,211.625,+1.57092710E+00,,,-35.83613,-95.5562256298,-45.2382857143
0,214.129000187,+1.57092590E+00,,,-35.83865,-95.5558784228,-45.2421280788
0,216.632000208,+1.57092840E+00,,,-35.84467,-95.5551401972,-45.2387980296
0,219.13499999,+1.57092840E+00,,,-35.8448,-95.5555312158,-45.2399507389
0,221.638000011,+1.57092470E+00,,,-35.79258,-95.5546779847,-45.2407192118
0,224.140000105,+1.57092590E+00,,,-35.81329,-95.5549956188,-45.2389261084
0,226.643000126,+1.57092470E+00,,,-35.79899,-95.5564140197,-45.2312413793
0,229.146000147,+1.57092590E+00,,,-35.78362,-95.5565005476,-45.243408867
0,231.649000168,+1.57092710E+00,,,-35.78377,-95.5549386637,-45.2428965517
0,234.152000189,+1.57092220E+00,,,-35.77681,-95.5550251917,-45.2398226601
0,236.65500021,+1.57092710E+00,,,-35.81074,-95.5556615553,-45.2393103448
0,239.157999992,+1.57092590E+00,,,-35.79859,-95.554736035,-45.2416157635
0,241.661000013,+1.57092710E+00,,,-35.78096,-95.5540700986,-45.2341871921
0,244.164000034,+1.57092470E+00,,,-35.78351,-95.5552562979,-45.2396945813
0,246.667000055,+1.57092590E+00,,,-35.7895,-95.5549956188,-45.2398226601
0,249.170000076,+1.57092340E+00,,,-35.80913,-95.5537524644,-45.2394384236
0,251.673000097,+1.57092590E+00,,,-35.79499,-95.5557196057,-45.2390541872
0,254.175000191,+1.57092960E+00,,,-35.82048,-95.5559069003,-45.2400788177
0,256.678000212,+1.57092960E+00,,,-35.84614,-95.555516977,-45.2367487685
0,259.180000067,+1.57092710E+00,,,-35.85535,-95.5552858708,-45.2359802956
0,261.684000015,+1.57092590E+00,,,-35.85643,-95.5556900329,-45.2348275862
0,264.187000036,+1.57092590E+00,,,-35.87259,-95.5558203724,-45.2380295567
0,266.690000057,+1.57092960E+00,,,-35.90356,-95.5552278204,-45.237773399
0,269.193000078,+1.57092590E+00,,,-35.90396,-95.5556615553,-45.2375172414
0,271.696000099,+1.57092710E+00,,,-35.9021,-95.5547645126,-45.2368768473
0,274.19900012,+1.57092590E+00,,,-35.9379,-95.5552858708,-45.2389261084
0,276.702000141,+1.57092220E+00,,,-35.95579,-95.5549386637,-45.242
0,279.205000162,+1.57092590E+00,,,-35.94178,-95.5535783133,-45.2417438424
0,281.708000183,+1.57092590E+00,,,-35.92455,-95.5538094195,-45.2385418719
0,284.212000132,+1.57092710E+00,,,-35.90637,-95.5538094195,-45.2353399015
0,286.713999987,+1.57092220E+00,,,-35.92254,-95.5531007667,-45.2348275862
0,289.217000008,+1.57092710E+00,,,-35.92815,-95.55516977,-45.2384137931
0,291.719000101,+1.57092090E+00,,,-35.90278,-95.5552562979,-45.2358522167
0,294.222000122,+1.57092590E+00,,,-35.92427,-95.5545914567,-45.2366206897
0,296.725000143,+1.57092590E+00,,,-35.97209,-95.5542289157,-45.2336748768
0,299.226999998,+1.57092590E+00,,,-35.95032,-95.5540120482,-45.2394384236
0,301.731000185,+1.57092710E+00,,,-35.95152,-95.5545038335,-45.2346995074
mod coil current: -95.5531445783 uA
pickup loop current: -45.2379014778 uA
