Time (s),Temp Probe Voltage (V)
0.0,+5.69405130E-01
0.404000043869,+5.69523620E-01
0.802999973297,+5.69562200E-01
1.20199990273,+5.69648470E-01
1.60199999809,+5.69744860E-01
2.00199985504,+5.69817610E-01
2.40199995041,+5.69897120E-01
2.80099987984,+5.69967540E-01
3.2009999752,+5.70086670E-01
3.60099983215,+5.70236850E-01
4.0,+5.70381060E-01
4.39999985695,+5.70498240E-01
4.7990000248,+5.70582300E-01
5.19899988174,+5.70798340E-01
5.59899997711,+5.71430900E-01
5.99799990654,+5.72154010E-01
6.39800000191,+5.73038340E-01
6.79699993134,+5.74390630E-01
7.1970000267,+5.75915570E-01
7.59699988365,+5.77460960E-01
7.99699997902,+5.78990060E-01
8.39599990845,+5.80418610E-01
8.79600000381,+5.81657480E-01
9.19599986076,+5.82780200E-01
9.59599995613,+5.84215510E-01
9.9960000515,+5.85894270E-01
10.3959999084,+5.88063110E-01
10.7969999313,+5.90084850E-01
11.1970000267,+5.91813500E-01
11.5969998837,+2.41407140E-01
11.996999979,+5.87741180E-01
12.396999836,+2.45828410E-01
12.7960000038,+2.15723860E-02
13.2339999676,+3.40764000E-04
13.6729998589,+1.71598000E-04
14.1109998226,+2.85519700E-03
14.5490000248,+5.55815970E-01
14.9930000305,+6.06263230E-01
15.3919999599,+9.45253600E-02
15.8359999657,+1.14438000E-04
16.2749998569,+7.44568100E-02
16.7189998627,+6.10738330E-01
17.1180000305,+6.12200910E-01
17.5179998875,+6.13547870E-01
17.9169998169,+6.14575240E-01
18.3169999123,+4.17399550E-01
18.760999918,+6.04543670E-01
19.2039999962,+1.06943210E-01
19.6489999294,+5.95134000E-01
20.0479998589,+6.16130460E-01
20.4479999542,+4.51516710E-01
20.8480000496,+3.62511280E-01
21.246999979,+3.37723650E-01
21.646999836,+2.41449360E-01
22.0899999142,+4.19509810E-01
22.4900000095,+5.84463260E-01
23.0329999924,+5.62554290E-01
23.4329998493,+6.19933340E-01
23.8339998722,+6.16773410E-01
24.2330000401,+6.09187920E-01
24.632999897,+5.80221390E-01
25.0329999924,+1.87235230E-01
25.4319999218,+6.23076250E-01
25.8320000172,+4.28384580E-01
26.2319998741,+5.18841050E-01
26.6759998798,+6.23911610E-01
27.0759999752,+6.24169880E-01
27.4759998322,+6.24448420E-01
27.875,+6.24422690E-01
28.2749998569,+6.24376830E-01
28.6749999523,+6.24481420E-01
29.0739998817,+1.20634450E-01
29.4739999771,+1.60793000E-04
29.9129998684,+6.24882460E-01
30.3120000362,+3.25772600E-01
30.7109999657,+6.25060450E-01
31.1109998226,+1.68690430E-02
31.5499999523,+1.39206700E-02
31.9489998817,+6.26056380E-01
32.3489999771,+6.26406630E-01
32.7489998341,+6.26573180E-01
33.1489999294,+6.26498220E-01
33.5490000248,+6.26174600E-01
33.9479999542,+6.25691060E-01
34.3480000496,+6.25170750E-01
34.7479999065,+6.24508180E-01
35.146999836,+6.23763500E-01
35.5469999313,+6.23261120E-01
35.9459998608,+6.22718600E-01
36.3459999561,+6.22169710E-01
36.7460000515,+6.21620550E-01
37.1449999809,+6.20929270E-01
37.5449998379,+6.20522640E-01
37.9440000057,+6.20124060E-01
38.3439998627,+6.19737690E-01
38.743999958,+6.19351710E-01
39.1429998875,+6.18973400E-01
39.5429999828,+6.18597550E-01
39.9429998398,+6.18139470E-01
40.3420000076,+6.17719320E-01
40.7419998646,+6.17302160E-01
41.1410000324,+6.16554630E-01
41.5409998894,+6.16028340E-01
41.9399998188,+6.15669910E-01
42.3409998417,+6.15310170E-01
42.7409999371,+6.14988630E-01
43.1399998665,+6.14700090E-01
43.5399999619,+6.14510410E-01
43.9409999847,+6.14490670E-01
44.3409998417,+6.14364650E-01
44.7409999371,+6.14193680E-01
45.1410000324,+6.14056490E-01
45.5399999619,+6.14046620E-01
45.9399998188,+6.13840180E-01
46.3399999142,+6.13596330E-01
46.7389998436,+6.13394310E-01
47.1380000114,+6.13504740E-01
47.5379998684,+6.13805100E-01
47.9379999638,+6.14094690E-01
48.3369998932,+6.14299300E-01
48.7369999886,+6.14541460E-01
49.135999918,+6.14538610E-01
49.5349998474,+5.27216840E-01
49.9349999428,+2.34568200E-03
50.3739998341,+6.15383830E-01
50.7739999294,+2.45232490E-01
51.1729998589,+6.15358630E-01
51.5729999542,+6.15460870E-01
51.9730000496,+6.15543890E-01
52.3729999065,+6.15760460E-01
52.771999836,+6.16003530E-01
53.1719999313,+6.16251670E-01
53.5709998608,+6.16497470E-01
53.9709999561,+6.16691040E-01
54.3699998856,+6.16753400E-01
54.7699999809,+6.16761710E-01
55.1689999104,+6.16754700E-01
55.5690000057,+6.16443420E-01
55.9689998627,+6.16152150E-01
56.3699998856,+6.15838540E-01
56.768999815,+6.15792420E-01
57.1679999828,+6.15617160E-01
57.5679998398,+6.15442040E-01
57.9679999352,+6.15232350E-01
58.3669998646,+6.15132450E-01
58.7669999599,+6.14926400E-01
59.1669998169,+6.14854170E-01
59.5669999123,+6.14947710E-01
59.9670000076,+6.15244310E-01
60.3659999371,+6.15752920E-01
60.7660000324,+6.16122920E-01
61.1649999619,+6.16419780E-01
61.5659999847,+6.16711180E-01
61.9659998417,+6.17024530E-01
62.3659999371,+6.17268120E-01
62.7649998665,+6.17481060E-01
63.1649999619,+6.17609020E-01
63.5649998188,+6.17657090E-01
63.9649999142,+6.17850270E-01
64.3639998436,+6.18063980E-01
64.763999939,+6.18246650E-01
65.1640000343,+6.18384620E-01
65.5629999638,+6.18490370E-01
65.9629998207,+6.18615340E-01
66.3629999161,+5.87698430E-01
66.9399998188,+6.18971580E-01
67.3399999142,+6.18997440E-01
67.7389998436,+6.19049270E-01
68.138999939,+6.19113580E-01
68.5390000343,+6.19188150E-01
68.9379999638,+6.19207640E-01
69.3389999866,+2.18006220E-01
69.7389998436,+3.96982020E-01
70.138999939,+6.19416020E-01
70.5390000343,+6.19360030E-01
70.9379999638,+6.19305460E-01
71.3379998207,+6.19211410E-01
71.7369999886,+6.19136440E-01
72.1369998455,+6.19057590E-01
72.5369999409,+6.19039140E-01
72.9359998703,+6.18990550E-01
73.3359999657,+6.18664590E-01
73.7359998226,+6.18154930E-01
74.135999918,+6.17751020E-01
74.5349998474,+6.17384660E-01
74.9349999428,+6.17045320E-01
75.3339998722,+6.16321690E-01
75.7339999676,+6.15905570E-01
76.132999897,+6.15601180E-01
76.5329999924,+6.15273800E-01
76.9319999218,+6.15048390E-01
77.3309998512,+6.14813250E-01
77.7309999466,+6.14588230E-01
78.129999876,+6.14408040E-01
78.5299999714,+6.14230970E-01
78.9299998283,+6.14055190E-01
79.3309998512,+6.13882140E-01
79.7309999466,+6.13712220E-01
80.129999876,+6.13548910E-01
80.5299999714,+6.13376900E-01
80.9299998283,+6.13210220E-01
81.3289999962,+6.12995210E-01
81.7289998531,+6.12842690E-01
82.128000021,+6.12669390E-01
82.5290000439,+6.12502060E-01
82.9279999733,+6.12348110E-01
83.3279998302,+6.12136990E-01
83.7279999256,+6.11917830E-01
84.128000021,+6.11785960E-01
84.5279998779,+6.11628380E-01
84.9279999733,+6.11517170E-01
85.3279998302,+6.11424280E-01
85.7269999981,+6.11367250E-01
86.126999855,+6.11327620E-01
86.5269999504,+6.11309690E-01
86.9259998798,+6.11287610E-01
87.3259999752,+6.11260460E-01
87.7259998322,+6.11237460E-01
88.1259999275,+6.11212650E-01
88.5249998569,+6.11180170E-01
88.9249999523,+6.11145220E-01
89.3239998817,+6.11111570E-01
89.7230000496,+6.11076240E-01
90.1229999065,+6.11028690E-01
90.521999836,+6.10984260E-01
90.9219999313,+6.10939180E-01
91.3209998608,+6.10896820E-01
91.7209999561,+6.10825630E-01
92.1210000515,+6.10776910E-01
92.5199999809,+6.10715850E-01
92.9189999104,+6.10666480E-01
93.3179998398,+6.10607630E-01
93.7179999352,+6.10520200E-01
94.1180000305,+6.10457450E-01
94.5169999599,+6.10380280E-01
94.9169998169,+6.10298950E-01
95.3169999123,+6.10222950E-01
95.7159998417,+6.10146430E-01
96.1159999371,+6.10077060E-01
96.5169999599,+6.10014310E-01
96.9159998894,+6.09961300E-01
97.3159999847,+6.09912590E-01
97.7159998417,+6.09851780E-01
98.1150000095,+6.09771110E-01
98.513999939,+6.09695240E-01
98.9140000343,+6.09602870E-01
99.3139998913,+6.09516210E-01
99.7139999866,+6.09428520E-01
100.112999916,+6.09341870E-01
100.513999939,+6.09246250E-01
100.912999868,+6.09156480E-01
101.312999964,+6.09055270E-01
101.711999893,+6.08965370E-01
102.111999989,+6.08872090E-01
102.510999918,+6.08778170E-01
102.909999847,+6.08668650E-01
103.309999943,+6.08574850E-01
103.708999872,+6.08497030E-01
104.108999968,+6.08407000E-01
104.507999897,+6.08327360E-01
104.907999992,+6.08253440E-01
105.306999922,+6.08161680E-01
105.705999851,+6.07985900E-01
106.105999947,+6.07827800E-01
106.504999876,+6.07692160E-01
106.904999971,+6.07557310E-01
107.303999901,+6.07334380E-01
107.703999996,+6.07173670E-01
108.103999853,+6.06966980E-01
108.503000021,+6.06819390E-01
108.902999878,+6.06763660E-01
109.302000046,+6.06706370E-01
109.701999903,+6.06651150E-01
110.101999998,+6.06612960E-01
110.501999855,+5.71931720E-01
111.011999846,+6.06606980E-01
111.411000013,+6.06556840E-01
111.81099987,+1.78487000E-01
112.210999966,+6.06497330E-01
112.610999823,+6.06433420E-01
113.00999999,+6.06376900E-01
113.409999847,+6.06295710E-01
113.812000036,+6.06213080E-01
114.211999893,+6.06118370E-01
114.610999823,+6.06027950E-01
115.00999999,+6.05931030E-01
115.409999847,+6.05843210E-01
115.809999943,+6.05768250E-01
116.210000038,+6.05685230E-01
116.608999968,+6.05640150E-01
117.007999897,+6.05562850E-01
117.407999992,+6.05436580E-01
117.807999849,+6.05251970E-01
118.207000017,+6.04992790E-01
118.606999874,+6.04863650E-01
119.006999969,+6.04746470E-01
119.406999826,+6.04621490E-01
119.806999922,+6.04518080E-01
120.207000017,+6.04382960E-01
120.606999874,+6.04276430E-01
121.006000042,+6.04145350E-01
121.405999899,+6.04039600E-01
121.805999994,+6.03943330E-01
122.205999851,+6.03857590E-01
122.605000019,+6.03727150E-01
123.004999876,+6.03609450E-01
123.404999971,+6.03417040E-01
123.804999828,+6.03262710E-01
124.203999996,+6.03150980E-01
124.603999853,+6.03026910E-01
125.003999949,+6.02977410E-01
125.404000044,+6.02888810E-01
125.802999973,+6.02777730E-01
126.20299983,+6.02645480E-01
126.602999926,+6.02532320E-01
127.003000021,+6.02423710E-01
127.402999878,+6.02366030E-01
127.802999973,+6.02341610E-01
128.20299983,+6.02290030E-01
128.602999926,+6.02399030E-01
129.003000021,+6.02837880E-01
129.402999878,+6.03263740E-01
129.802999973,+2.13804630E-01
130.20299983,+7.25921000E-04
130.641000032,+2.09870000E-05
131.079999924,+4.60332110E-01
131.523999929,+6.10791460E-01
131.924000025,+6.12570390E-01
132.323999882,+6.13557490E-01
132.723999977,+6.14242140E-01
133.123999834,+6.14760370E-01
133.523999929,+6.15182600E-01
133.922999859,+6.15787220E-01
134.322999954,+6.16600490E-01
134.72300005,+6.17267860E-01
135.121999979,+6.17868720E-01
135.521999836,+6.18337850E-01
135.921999931,+6.18793340E-01
136.322999954,+6.19228040E-01
136.721999884,+6.19715480E-01
137.121999979,+6.20284250E-01
137.521999836,+6.20962920E-01
137.921000004,+6.21919620E-01
138.319999933,+6.23116400E-01
138.720000029,+6.24492590E-01
139.119999886,+6.26474580E-01
139.518999815,+6.28992070E-01
139.919999838,+6.32487740E-01
140.319000006,+6.36821450E-01
140.718999863,+6.41489990E-01
141.118000031,+6.45780310E-01
141.517999887,+6.50175520E-01
141.917999983,+6.54708130E-01
142.31799984,+6.59160190E-01
142.717999935,+6.63710770E-01
143.118000031,+6.68343030E-01
143.51699996,+6.72917380E-01
143.916999817,+6.77261100E-01
144.316999912,+6.81398120E-01
144.717000008,+6.85202070E-01
145.115999937,+6.89199570E-01
145.516000032,+6.93061960E-01
145.915999889,+6.96670230E-01
146.315999985,+6.99889530E-01
146.715999842,+7.02933880E-01
147.11500001,+7.05790330E-01
147.514999866,+7.08624040E-01
147.914000034,+7.11267940E-01
148.312999964,+7.13707140E-01
148.712999821,+7.16035090E-01
149.113999844,+7.18177650E-01
149.514999866,+7.20248240E-01
149.914000034,+7.22161240E-01
150.312999964,+7.24006060E-01
150.712999821,+7.25766800E-01
151.111999989,+7.27505320E-01
151.511999846,+7.29218000E-01
151.911000013,+7.30965490E-01
152.31099987,+7.32662440E-01
152.710999966,+7.34295780E-01
153.110999823,+7.35871260E-01
153.510999918,+7.37431800E-01
153.909999847,+7.38935050E-01
154.309999943,+7.40417000E-01
154.708999872,+7.41877630E-01
155.108999968,+7.43317480E-01
155.507999897,+7.44698390E-01
155.907999992,+7.46061720E-01
156.307999849,+7.47389460E-01
156.707000017,+7.48693800E-01
157.105999947,+7.49998280E-01
157.504999876,+7.51283790E-01
157.904999971,+7.52552290E-01
158.304999828,+7.53806620E-01
158.704999924,+7.55045260E-01
159.105000019,+7.56264250E-01
159.503999949,+7.57463760E-01
159.904000044,+7.58648980E-01
160.302999973,+7.59818860E-01
160.70299983,+7.60974330E-01
161.101999998,+7.62106280E-01
161.501999855,+7.63219520E-01
161.901000023,+7.64309640E-01
162.30099988,+7.65388070E-01
162.700999975,+7.66442120E-01
163.099999905,+7.67475340E-01
163.500999928,+7.68485040E-01
163.899999857,+7.69474470E-01
164.299999952,+7.70461180E-01
164.698999882,+7.71434110E-01
165.098999977,+7.72383140E-01
165.498999834,+7.73323470E-01
165.898999929,+7.74249630E-01
166.299000025,+7.75165410E-01
166.698999882,+7.76070570E-01
167.098999977,+7.76965290E-01
167.497999907,+7.77850530E-01
167.898000002,+7.78726680E-01
168.296999931,+7.79592050E-01
168.697000027,+7.80446760E-01
169.096999884,+7.81319660E-01
169.496999979,+7.82236080E-01
169.896999836,+7.83223050E-01
170.296000004,+7.84186760E-01
170.695999861,+7.85074860E-01
171.095000029,+7.85997000E-01
171.494999886,+7.86903190E-01
171.893999815,+7.87769200E-01
172.29399991,+7.88600400E-01
172.694000006,+7.89437310E-01
173.092999935,+7.90270200E-01
173.493000031,+7.91022280E-01
173.892999887,+7.91761360E-01
174.292999983,+7.92506560E-01
174.691999912,+7.93251880E-01
175.092000008,+7.93995000E-01
175.491999865,+7.94736160E-01
175.891000032,+7.95472520E-01
176.290999889,+7.96204070E-01
176.690999985,+7.96926450E-01
177.089999914,+7.97643710E-01
177.49000001,+7.98352920E-01
177.889999866,+7.99056280E-01
178.289999962,+7.99752890E-01
178.688999891,+8.00442740E-01
179.088999987,+8.01126480E-01
179.488999844,+8.01805940E-01
179.888999939,+8.02474610E-01
180.287999868,+8.03139260E-01
180.687999964,+8.03796240E-01
181.086999893,+8.04450750E-01
181.486999989,+8.05096820E-01
181.886999846,+8.05739770E-01
182.286999941,+8.06373890E-01
182.687000036,+8.07003330E-01
183.086999893,+8.07627470E-01
183.485999823,+8.08245740E-01
183.886999846,+8.08858550E-01
184.286999941,+8.09466810E-01
184.68599987,+8.10069740E-01
185.085999966,+8.10666830E-01
185.484999895,+8.11260420E-01
185.883999825,+8.11847760E-01
186.28399992,+8.12430690E-01
186.684000015,+8.13010120E-01
187.083999872,+8.13584990E-01
187.483999968,+8.14155320E-01
187.883999825,+8.14717850E-01
188.28399992,+8.15278050E-01
188.684000015,+8.15833170E-01
189.082999945,+8.16383490E-01
189.48300004,+8.16934590E-01
189.881999969,+8.17481150E-01
190.281999826,+8.18021510E-01
190.681999922,+8.18558840E-01
191.082000017,+8.19090200E-01
191.480999947,+8.19617780E-01
191.881000042,+8.20140170E-01
192.280999899,+8.20657880E-01
192.680999994,+8.21171310E-01
193.080999851,+8.21680190E-01
193.480000019,+8.22186730E-01
193.878999949,+8.22688590E-01
194.279000044,+8.23190320E-01
194.678999901,+8.23684260E-01
195.079999924,+8.24176770E-01
195.480000019,+8.24663430E-01
195.879999876,+8.25150480E-01
196.280999899,+8.25629220E-01
196.679999828,+8.26106140E-01
197.079999924,+8.26576820E-01
197.480000019,+8.27047370E-01
197.878999949,+8.27513250E-01
198.279000044,+8.27976140E-01
198.678999901,+8.28433860E-01
199.078999996,+8.28889340E-01
199.478999853,+8.29341190E-01
199.878000021,+8.29790820E-01
200.277999878,+8.30236040E-01
200.677000046,+8.30679310E-01
201.076999903,+8.31118560E-01
201.476999998,+8.31554290E-01
201.876999855,+8.31987430E-01
202.276000023,+8.32417840E-01
202.67599988,+8.32846430E-01
203.075999975,+8.33271770E-01
203.475999832,+8.33694770E-01
203.876999855,+8.34113100E-01
204.276000023,+8.34529350E-01
204.67599988,+8.34943260E-01
205.075999975,+8.35354050E-01
205.474999905,+8.35761990E-01
205.875,+8.36168490E-01
206.274999857,+8.36570710E-01
206.674000025,+8.36970720E-01
207.072999954,+8.37366440E-01
207.471999884,+8.37763070E-01
207.871999979,+8.38153590E-01
208.271999836,+8.38543600E-01
208.671000004,+8.38930130E-01
209.069999933,+8.39316630E-01
209.470000029,+8.39697540E-01
209.871000051,+8.40077410E-01
210.269999981,+8.40452340E-01
210.669999838,+8.40828320E-01
211.069999933,+8.41198190E-01
211.468999863,+8.41568970E-01
211.868999958,+8.41933640E-01
212.267999887,+8.42298440E-01
212.66899991,+8.42661030E-01
213.06799984,+8.43019990E-01
213.467999935,+8.43376870E-01
213.868000031,+8.43732050E-01
214.267999887,+8.44085160E-01
214.66899991,+8.44435800E-01
215.069000006,+8.44783460E-01
215.467999935,+8.45128640E-01
215.868000031,+8.45470840E-01
216.26699996,+8.45811350E-01
216.665999889,+8.46148740E-01
217.065999985,+8.46483270E-01
217.464999914,+8.46817540E-01
217.86500001,+8.47148560E-01
218.264999866,+8.47477770E-01
218.664000034,+8.47804250E-01
219.064999819,+8.48129680E-01
219.463999987,+8.48452780E-01
219.863999844,+8.48773150E-01
220.263999939,+8.49093130E-01
220.664000034,+8.49408750E-01
221.062999964,+8.49723790E-01
221.462999821,+8.50035720E-01
221.861999989,+8.50346220E-01
222.261999846,+8.50655800E-01
222.661999941,+8.50961490E-01
223.06099987,+8.51265760E-01
223.460999966,+8.51568460E-01
223.860999823,+8.51869730E-01
224.25999999,+8.52167890E-01
224.659999847,+8.52466040E-01
225.059000015,+8.52760430E-01
225.458999872,+8.53053780E-01
225.858999968,+8.53344660E-01
226.257999897,+8.53633720E-01
226.656999826,+8.53919920E-01
227.056999922,+8.54204960E-01
227.455999851,+8.54488430E-01
227.855999947,+8.54771390E-01
228.256000042,+8.55050320E-01
228.655999899,+8.55329890E-01
229.055999994,+8.55605440E-01
229.455999851,+8.55880210E-01
229.855000019,+8.56153170E-01
230.254999876,+8.56424820E-01
230.655999899,+8.56694780E-01
231.055999994,+8.56962670E-01
231.454999924,+8.57228600E-01
231.855000019,+8.57493760E-01
232.254999876,+8.57755800E-01
232.654000044,+8.58016410E-01
233.053999901,+8.58276370E-01
233.45299983,+8.58534380E-01
233.852999926,+8.58790320E-01
234.253000021,+8.59044430E-01
234.65199995,+8.59298150E-01
235.052000046,+8.59549020E-01
235.451999903,+8.59800280E-01
235.852999926,+8.60048840E-01
236.253000021,+8.60294900E-01
236.652999878,+8.60538230E-01
237.052999973,+8.60781180E-01
237.451999903,+8.61020090E-01
237.851999998,+8.61261080E-01
238.251999855,+8.61499740E-01
238.65199995,+8.61736960E-01
239.05099988,+8.61973800E-01
239.450999975,+8.62209460E-01
239.850999832,+8.62442790E-01
240.250999928,+8.62676510E-01
240.649999857,+8.62907240E-01
241.049999952,+8.63137190E-01
241.450000048,+8.63365580E-01
241.848999977,+8.63594750E-01
242.248999834,+8.63819890E-01
242.648999929,+8.64045680E-01
243.047999859,+8.64268750E-01
243.447999954,+8.64492330E-01
243.84800005,+8.64712800E-01
244.247999907,+8.64933010E-01
244.648000002,+8.65150740E-01
245.047999859,+8.65367310E-01
245.447000027,+8.65584920E-01
245.846999884,+8.65799670E-01
246.246000051,+8.66012340E-01
246.645999908,+8.66224230E-01
247.046000004,+8.66434830E-01
247.444999933,+8.66646980E-01
247.843999863,+8.66860430E-01
248.243999958,+8.67077130E-01
248.643999815,+8.67289280E-01
249.04399991,+8.67491690E-01
249.444000006,+8.67693180E-01
249.842999935,+8.67892340E-01
250.241999865,+8.68092410E-01
250.642999887,+8.68289110E-01
251.041999817,+8.68486580E-01
251.441999912,+8.68681450E-01
251.842000008,+8.68877100E-01
252.240999937,+8.69071190E-01
252.641000032,+8.69265680E-01
253.040999889,+8.69455740E-01
253.440999985,+8.69643340E-01
253.840999842,+8.69827820E-01
254.241999865,+8.70012820E-01
254.641000032,+8.70197170E-01
255.040999889,+8.70382190E-01
255.440999985,+8.70560690E-01
255.840999842,+8.70742960E-01
256.24000001,+8.70919260E-01
256.639999866,+8.71095290E-01
257.039999962,+8.71267820E-01
257.438999891,+8.71432290E-01
257.838999987,+8.71574160E-01
258.238999844,+8.71696280E-01
258.638999939,+8.71807360E-01
259.037999868,+8.71906090E-01
259.437999964,+8.71998720E-01
259.837999821,+8.72088240E-01
260.237999916,+8.72152280E-01
260.638999939,+8.72301430E-01
261.037999868,+8.72429520E-01
261.437999964,+8.72564630E-01
261.837999821,+8.72675580E-01
262.237999916,+8.72762760E-01
262.636999846,+8.72833950E-01
263.037999868,+8.72900600E-01
263.437000036,+8.72966590E-01
263.835999966,+8.73005960E-01
264.235999823,+8.72740540E-01
264.636999846,+8.72800300E-01
265.036999941,+8.73106120E-01
265.437000036,+8.73305150E-01
265.836999893,+8.73475730E-01
266.236999989,+8.73600970E-01
266.636999846,+8.73700610E-01
267.036000013,+8.73806360E-01
267.43599987,+8.73927060E-01
267.835000038,+8.73952130E-01
268.234999895,+8.73975640E-01
268.633999825,+8.73944590E-01
269.03399992,+8.73878470E-01
269.432999849,+8.73912890E-01
269.832999945,+8.74040080E-01
270.23300004,+8.74306410E-01
270.632999897,+8.74532070E-01
271.030999899,+8.74519210E-01
271.431999922,+8.74669910E-01
271.832000017,+8.74776050E-01
272.230999947,+8.74468930E-01
272.631000042,+8.74377210E-01
273.029999971,+8.74977940E-01
273.429999828,+8.75434850E-01
273.828999996,+8.76470020E-01
274.228999853,+5.57583080E-01
274.628000021,+8.80383320E-01
275.027999878,+6.56129790E-01
275.427000046,+3.69010700E-01
275.82799983,+8.86175120E-01
276.227999926,+8.87492460E-01
276.626999855,+8.88242330E-01
277.02699995,+8.89036370E-01
277.42599988,+8.90207950E-01
277.826999903,+8.91514550E-01
278.226999998,+8.93144980E-01
278.626999855,+8.94171830E-01
279.02699995,+8.94657200E-01
279.427999973,+8.95416420E-01
279.826999903,+8.96373890E-01
280.226999998,+8.97346440E-01
280.626999855,+8.98203620E-01
281.026000023,+8.99059890E-01
281.42599988,+9.00352810E-01
281.825000048,+9.02086950E-01
282.224999905,+9.03975000E-01
282.623999834,+9.05802910E-01
283.023999929,+9.07789830E-01
283.424000025,+9.09656070E-01
283.823999882,+9.11515410E-01
284.223999977,+9.13334780E-01
284.622999907,+9.15114880E-01
285.023000002,+9.16716870E-01
285.421999931,+9.18241550E-01
285.822000027,+9.19618520E-01
286.221999884,+9.20584440E-01
286.621999979,+9.21544910E-01
287.023000002,+9.22713750E-01
287.421999931,+9.23919920E-01
287.822000027,+9.24903370E-01
288.220999956,+9.25799140E-01
288.621000051,+9.26358030E-01
289.021999836,+9.26797020E-01
289.421999931,+9.27306160E-01
289.820999861,+9.27834260E-01
290.220999956,+9.28348080E-01
290.621000051,+9.28830840E-01
291.019999981,+9.29316200E-01
291.419999838,+9.29828720E-01
291.819999933,+9.30416850E-01
292.218999863,+9.30941310E-01
292.618999958,+9.31416540E-01
293.018999815,+9.31901390E-01
293.417999983,+9.32380640E-01
293.81799984,+9.32843140E-01
294.217999935,+9.33316850E-01
294.618000031,+9.33779480E-01
295.017999887,+9.34221190E-01
295.41899991,+9.34713050E-01
295.81799984,+9.35224530E-01
296.217999935,+9.35684300E-01
296.618000031,+9.36147570E-01
297.017999887,+9.36583570E-01
297.417999983,+9.36981890E-01
297.816999912,+9.37418920E-01
298.217000008,+9.37822180E-01
298.615999937,+9.38296890E-01
299.016000032,+9.38713140E-01
299.415999889,+9.39109510E-01
299.815999985,+9.39511730E-01
300.214999914,+9.39904070E-01
300.61500001,+9.40314860E-01
301.013999939,+9.40721500E-01
301.412999868,+9.41123330E-01
301.812000036,+9.41506840E-01
302.211999893,+9.41865790E-01
302.611999989,+9.42222930E-01
303.011999846,+9.42589810E-01
303.411999941,+9.42971110E-01
303.812000036,+9.43357090E-01
304.210999966,+9.43747670E-01
304.610999823,+9.44137420E-01
305.010999918,+9.44528460E-01
305.411999941,+9.44921980E-01
305.81099987,+9.45303800E-01
306.211999893,+9.45697180E-01
306.610999823,+9.46077440E-01
307.00999999,+9.46474070E-01
307.409999847,+9.46872520E-01
307.809999943,+9.47259800E-01
308.210000038,+9.47659420E-01
308.609999895,+9.48040460E-01
309.00999999,+9.48426960E-01
309.40899992,+9.48803840E-01
309.809000015,+9.49173710E-01
310.208999872,+9.49559430E-01
310.608999968,+9.49934760E-01
311.008999825,+9.50313460E-01
311.40899992,+9.50672150E-01
311.809000015,+9.51037870E-01
312.208999872,+9.51425790E-01
312.608999968,+9.51750450E-01
313.007999897,+9.52097970E-01
313.407999992,+9.52454330E-01
313.806999922,+9.52802240E-01
314.207000017,+9.53151070E-01
314.605999947,+9.53492610E-01
315.006999969,+9.53835200E-01
315.405999899,+9.54171160E-01
315.805999994,+9.54505080E-01
316.204999924,+9.54833510E-01
316.605000019,+9.55119190E-01
317.004999876,+9.55454370E-01
317.404000044,+9.55788260E-01
317.803999901,+9.56094990E-01
318.203999996,+9.56412240E-01
318.603999853,+9.56716630E-01
319.003999949,+9.57016600E-01
319.402999878,+9.57327750E-01
319.802999973,+9.57626560E-01
320.201999903,+9.57927310E-01
320.601999998,+9.58215850E-01
321.001999855,+9.58502830E-01
321.402999878,+9.58785790E-01
321.802000046,+9.59070950E-01
322.201999903,+9.59356770E-01
322.601999998,+9.59635690E-01
323.000999928,+9.59912280E-01
323.401000023,+9.60183810E-01
323.802000046,+9.60450910E-01
324.201999903,+9.60721140E-01
324.601999998,+9.60983300E-01
325.001999855,+9.61253660E-01
325.401000023,+9.61512580E-01
325.80099988,+9.61774750E-01
326.200000048,+9.62031460E-01
326.599999905,+9.62293500E-01
327.000999928,+9.62548000E-01
327.401000023,+9.62803940E-01
327.799999952,+9.63045320E-01
328.200000048,+9.63290210E-01
328.599999905,+9.63534970E-01
328.998999834,+9.63784280E-01
329.398999929,+9.64024620E-01
329.797999859,+9.64276140E-01
330.197999954,+9.64506090E-01
330.59800005,+9.64753470E-01
330.996999979,+9.64994990E-01
331.396999836,+9.65233770E-01
331.796999931,+9.65477750E-01
332.197000027,+9.65726020E-01
332.596999884,+9.65960000E-01
332.996999979,+9.66178120E-01
333.395999908,+9.66403790E-01
333.796000004,+9.66634000E-01
334.195999861,+9.66860440E-01
334.595999956,+9.67086880E-01
334.996000051,+9.67304880E-01
335.395999908,+9.67525730E-01
335.794999838,+9.67745420E-01
336.194999933,+9.67964460E-01
336.595000029,+9.68178170E-01
336.993999958,+9.68391750E-01
337.394999981,+9.68602210E-01
337.794999838,+9.68812800E-01
338.194000006,+9.69019370E-01
338.592999935,+9.69225420E-01
338.991999865,+9.69432630E-01
339.392999887,+9.69634520E-01
339.792999983,+9.69835500E-01
340.19299984,+9.70037260E-01
340.592000008,+9.70236550E-01
340.990999937,+9.70435190E-01
341.392999887,+9.70630840E-01
341.791999817,+9.70822980E-01
342.191999912,+9.71016300E-01
342.592000008,+9.71207400E-01
342.993000031,+9.71401880E-01
343.392999887,+9.71590780E-01
343.792999983,+9.71782020E-01
344.19299984,+9.71968440E-01
344.592999935,+9.72157080E-01
344.993000031,+9.72340780E-01
345.39199996,+9.72527080E-01
345.790999889,+9.72707270E-01
346.190999985,+9.72893180E-01
346.589999914,+9.73068180E-01
346.99000001,+9.73246680E-01
347.389999866,+9.73421290E-01
347.789000034,+9.73600570E-01
348.188999891,+9.73773490E-01
348.588999987,+9.73951860E-01
348.987999916,+9.74123090E-01
349.388000011,+9.74300550E-01
349.787999868,+9.74471130E-01
350.187999964,+9.74644960E-01
350.587999821,+9.74813590E-01
350.987999916,+9.74981700E-01
351.388000011,+9.75144610E-01
351.787999868,+9.75312240E-01
352.187000036,+9.75474640E-01
352.586999893,+9.75636640E-01
352.986999989,+9.75798130E-01
353.388000011,+9.75957660E-01
353.786999941,+9.76116030E-01
354.18599987,+9.76271670E-01
354.585999966,+9.76428600E-01
354.984999895,+9.76584110E-01
355.38499999,+9.76737020E-01
355.78399992,+9.76889020E-01
356.184000015,+9.77042060E-01
356.583999872,+9.77194840E-01
356.98300004,+9.77342690E-01
357.381999969,+9.77491050E-01
357.781999826,+9.77637720E-01
358.181999922,+9.77784140E-01
358.582999945,+9.77929250E-01
358.983999968,+9.78069430E-01
359.382999897,+9.78215460E-01
359.782999992,+9.78354340E-01
360.181999922,+9.78494780E-01
360.582000017,+9.78630930E-01
360.981999874,+9.78768640E-01
361.381999969,+9.78904400E-01
361.780999899,+9.79041850E-01
362.180999994,+9.79174880E-01
362.580999851,+9.79316490E-01
362.980000019,+9.79448610E-01
363.379999876,+9.79585670E-01
363.779999971,+9.79714420E-01
364.179999828,+9.79848230E-01
364.578999996,+9.79974120E-01
364.978999853,+9.80105330E-01
365.378999949,+9.80229790E-01
365.777999878,+9.80358280E-01
366.177999973,+9.80482480E-01
366.57799983,+9.80610570E-01
366.977999926,+9.80732950E-01
367.376999855,+9.80861440E-01
367.77699995,+9.80984860E-01
368.177000046,+9.81107110E-01
368.575999975,+9.81226760E-01
368.975999832,+9.81346150E-01
369.375999928,+9.81464900E-01
369.776000023,+9.81586110E-01
370.17599988,+9.81704850E-01
370.575999975,+9.81820990E-01
370.974999905,+9.81938570E-01
371.375,+9.82055490E-01
371.774999857,+9.82170990E-01
372.174999952,+9.82287390E-01
372.573999882,+9.82401330E-01
372.973999977,+9.82513570E-01
373.373999834,+9.82629590E-01
373.773999929,+9.82741570E-01
374.174000025,+9.82851480E-01
374.572999954,+9.82977110E-01
374.97300005,+9.83107670E-01
375.372999907,+9.83231220E-01
375.773000002,+9.83342430E-01
376.172999859,+9.83451430E-01
376.572999954,+9.83566790E-01
376.971999884,+9.83673450E-01
377.371999979,+9.83783230E-01
377.771999836,+9.83881060E-01
378.171999931,+9.83994090E-01
378.570999861,+9.84100880E-01
378.971999884,+9.84207670E-01
379.371000051,+9.84307960E-01
379.769999981,+9.84410590E-01
380.169999838,+9.84509330E-01
380.569000006,+9.84620670E-01
380.968999863,+9.84715120E-01
381.368999958,+9.84820610E-01
381.768999815,+9.84919470E-01
382.167999983,+9.85018860E-01
382.566999912,+9.85113690E-01
382.967000008,+9.85217370E-01
383.366999865,+9.85313630E-01
383.766000032,+9.85415880E-01
384.165999889,+9.85510070E-01
384.565999985,+9.85605550E-01
384.965999842,+9.85698740E-01
385.36500001,+9.85792150E-01
385.764999866,+9.85884390E-01
386.164999962,+9.85974810E-01
386.563999891,+9.86066920E-01
386.963999987,+9.86156300E-01
387.363999844,+9.86246730E-01
387.763999939,+9.86335980E-01
388.164000034,+9.86426920E-01
388.562999964,+9.86514610E-01
388.962999821,+9.86603860E-01
389.361999989,+9.86690650E-01
389.760999918,+9.86778080E-01
390.161000013,+9.86866290E-01
390.56099987,+9.86952550E-01
390.960000038,+9.87037910E-01
391.359999895,+9.87123780E-01
391.75999999,+9.87209920E-01
392.159999847,+9.87296050E-01
392.559000015,+9.87376860E-01
392.958999872,+9.87463380E-01
393.35800004,+9.87546530E-01
393.75999999,+9.87630840E-01
394.15899992,+9.87711260E-01
394.559000015,+9.87795700E-01
394.958999872,+9.87871570E-01
395.35800004,+9.87941080E-01
395.757999897,+9.87974470E-01
396.157999992,+9.88093730E-01
396.557999849,+9.88216500E-01
396.957999945,+9.88383960E-01
397.35800004,+9.88545960E-01
397.756999969,+9.88720960E-01
398.156999826,+9.88954420E-01
398.555999994,+9.89142670E-01
398.955999851,+9.89373130E-01
399.355999947,+9.89613610E-01
399.754999876,+9.89807050E-01
400.154999971,+9.89916570E-01
400.554999828,+9.90021020E-01
400.953999996,+9.90192250E-01
401.353999853,+9.90386210E-01
401.753999949,+9.90543150E-01
402.154000044,+9.90627730E-01
402.552999973,+9.90754390E-01
402.95299983,+9.90928740E-01
403.352999926,+9.91101010E-01
403.753000021,+9.91263530E-01
404.152999878,+9.91416440E-01
404.552000046,+9.91564410E-01
404.951999903,+9.91708620E-01
405.350999832,+9.91851010E-01
405.750999928,+9.91990020E-01
406.149999857,+9.92125130E-01
406.549999952,+9.92258030E-01
406.950000048,+9.92387950E-01
407.348999977,+9.92514350E-01
407.748999834,+9.92639460E-01
408.148000002,+9.92761840E-01
408.547999859,+9.92887990E-01
408.947999954,+9.93010500E-01
409.346999884,+9.93133920E-01
409.746999979,+9.93252790E-01
410.145999908,+9.93371410E-01
410.544999838,+9.93485990E-01
410.944999933,+9.93604470E-01
411.345000029,+9.93710090E-01
411.744999886,+9.93813900E-01
412.144999981,+9.93917570E-01
412.544999838,+9.94018770E-01
412.944999933,+9.94113610E-01
413.345000029,+9.94209880E-01
413.744999886,+9.94301210E-01
414.143999815,+9.94395010E-01
414.54399991,+9.94482960E-01
414.944000006,+9.94573900E-01
415.342999935,+9.94660030E-01
415.743000031,+9.94750070E-01
416.14199996,+9.94834510E-01
416.540999889,+9.94919990E-01
416.940999985,+9.95002750E-01
417.339999914,+9.95086030E-01
417.74000001,+9.95167220E-01
418.141000032,+9.95247250E-01
418.539999962,+9.95327410E-01
418.939999819,+9.95406400E-01
419.339999914,+9.95483570E-01
419.74000001,+9.95559180E-01
420.138999939,+9.95634790E-01
420.537999868,+9.95708320E-01
420.938999891,+9.95780550E-01
421.337999821,+9.95850840E-01
421.737999916,+9.95923460E-01
422.136999846,+9.95992050E-01
422.536999941,+9.96062990E-01
422.937000036,+9.96130670E-01
423.336999893,+9.96199580E-01
423.736999989,+9.96266230E-01
424.138000011,+9.96334560E-01
424.536999941,+9.96399130E-01
424.937000036,+9.96465520E-01
425.336999893,+9.96530080E-01
425.735999823,+9.96595430E-01
426.13499999,+9.96658180E-01
426.534999847,+9.96723140E-01
426.934999943,+9.96785370E-01
427.333999872,+9.96848900E-01
427.733999968,+9.96909570E-01
428.133999825,+9.96972190E-01
428.534999847,+9.97032470E-01
428.934000015,+9.97094700E-01
429.333999872,+9.97153940E-01
429.73300004,+9.97227210E-01
430.133999825,+9.97285410E-01
430.532999992,+9.97340620E-01
430.932999849,+9.97342180E-01
431.332999945,+9.97392460E-01
431.731999874,+9.97480800E-01
432.131000042,+9.97589410E-01
432.530999899,+9.97696330E-01
432.929999828,+9.97814170E-01
433.329999924,+9.97965650E-01
433.730000019,+9.98051650E-01
434.129999876,+9.98158570E-01
434.527999878,+9.98288880E-01
434.927999973,+9.98413200E-01
435.32799983,+9.98433990E-01
435.726999998,+9.98481670E-01
436.126999855,+9.98662770E-01
436.52699995,+9.98739160E-01
436.927000046,+9.98858030E-01
437.326999903,+9.99156320E-01
437.725999832,+1.00022510E+00
438.125999928,+1.00197130E+00
438.526000023,+1.00366230E+00
438.92599988,+1.00500650E+00
439.325999975,+1.00669450E+00
439.68599987,+1.00834400E+00
440.044999838,+1.00922120E+00
440.404000044,+1.01097710E+00
440.761999846,+1.01222170E+00
441.121000051,+1.01347660E+00
441.480999947,+1.01425140E+00
441.839999914,+1.01612670E+00
442.198999882,+1.01738940E+00
442.557999849,+1.01869240E+00
442.915999889,+1.01981620E+00
443.274999857,+1.02058190E+00
443.633999825,+1.02213530E+00
443.993000031,+1.02335260E+00
444.351999998,+1.02409240E+00
444.710999966,+1.02498130E+00
445.069999933,+1.02726930E+00
445.428999901,+1.02977790E+00
445.787999868,+1.03209700E+00
446.148999929,+1.03358040E+00
446.506999969,+1.03418510E+00
446.865999937,+1.03444990E+00
447.224999905,+1.03500010E+00
447.583999872,+1.03597730E+00
447.94299984,+1.03704540E+00
448.302000046,+1.03777990E+00
448.661000013,+1.03808620E+00
449.019999981,+1.03879350E+00
449.378999949,+1.04042090E+00
449.737999916,+1.04141240E+00
450.096999884,+1.04205480E+00
450.455999851,+1.04243370E+00
450.814999819,+1.04288930E+00
451.174999952,+1.04344340E+00
451.53399992,+1.04429860E+00
451.89199996,+1.04481640E+00
452.250999928,+1.04541860E+00
452.610999823,+1.04646460E+00
452.970000029,+1.04670600E+00
453.328999996,+1.04709400E+00
453.687999964,+1.04755080E+00
454.047999859,+1.04823480E+00
454.406999826,+1.04906170E+00
454.766000032,+1.04923690E+00
455.125,+1.04961590E+00
455.483999968,+1.04990400E+00
455.842999935,+1.05002730E+00
456.20299983,+1.05072160E+00
456.56099987,+1.05149380E+00
456.919999838,+1.05190260E+00
457.279000044,+1.05243590E+00
457.638999939,+1.05343520E+00
457.997999907,+1.05359620E+00
458.356999874,+1.05434370E+00
458.717000008,+1.05456170E+00
459.075000048,+1.05492640E+00
459.434999943,+1.05528200E+00
459.792999983,+1.05565180E+00
460.15199995,+1.05618780E+00
460.510999918,+1.05703000E+00
460.871000051,+1.05705860E+00
461.230000019,+1.05721950E+00
461.589999914,+1.05755820E+00
461.948999882,+1.05808770E+00
462.306999922,+1.05850950E+00
462.665999889,+1.05884040E+00
463.024999857,+1.05922980E+00
463.383999825,+1.05963080E+00
463.743999958,+1.05983710E+00
464.102999926,+1.06027190E+00
464.461999893,+1.06045880E+00
464.819999933,+1.06084810E+00
465.178999901,+1.06111540E+00
465.537999868,+1.06132830E+00
465.896999836,+1.06168640E+00
466.256000042,+1.06195250E+00
466.61500001,+1.06227950E+00
466.973999977,+1.06245210E+00
467.332999945,+1.06254560E+00
467.691999912,+1.06283370E+00
468.05099988,+1.06316720E+00
468.40899992,+1.06358510E+00
468.767999887,+1.06358510E+00
469.126999855,+1.06383420E+00
469.485999823,+1.06412370E+00
469.845999956,+1.06476350E+00
470.203999996,+1.06469080E+00
470.563999891,+1.06499450E+00
470.922999859,+1.06496720E+00
471.282999992,+1.06512290E+00
471.64199996,+1.06540070E+00
472.000999928,+1.06566280E+00
472.359999895,+1.06599240E+00
472.718999863,+1.06616110E+00
473.07799983,+1.06628440E+00
473.437000036,+1.06647910E+00
473.796000004,+1.06686970E+00
474.155999899,+1.06691390E+00
474.514999866,+1.06701510E+00
474.873999834,+1.06712800E+00
475.23300004,+1.06726430E+00
475.592000008,+1.06742910E+00
475.950000048,+1.06759000E+00
476.309000015,+1.06769120E+00
476.667999983,+1.06805850E+00
477.027999878,+1.06801570E+00
477.386999846,+1.06817920E+00
477.746000051,+1.06832840E+00
478.105000019,+1.06873980E+00
478.462999821,+1.06867880E+00
478.822000027,+1.06889300E+00
479.180999994,+1.06893970E+00
479.539999962,+1.06907980E+00
479.898999929,+1.06927710E+00
480.257999897,+1.06912010E+00
480.616999865,+1.06964960E+00
480.976999998,+1.06945490E+00
481.336999893,+1.06959760E+00
481.695999861,+1.06982860E+00
482.054999828,+1.06992210E+00
482.412999868,+1.07015050E+00
482.771999836,+1.07015570E+00
483.131999969,+1.07017380E+00
483.49000001,+1.07025820E+00
483.849999905,+1.07036460E+00
484.208999872,+1.07050480E+00
484.56799984,+1.07064360E+00
484.927999973,+1.07075140E+00
485.286000013,+1.07096160E+00
485.645999908,+1.07105890E+00
486.004999876,+1.07101220E+00
486.363999844,+1.07111210E+00
486.72300005,+1.07117050E+00
487.082999945,+1.07131720E+00
487.441999912,+1.07144830E+00
487.80099988,+1.07155340E+00
488.161000013,+1.07172210E+00
488.519999981,+1.07183110E+00
488.878999949,+1.07191680E+00
489.237999916,+1.07197130E+00
489.596999884,+1.07212180E+00
489.955999851,+1.07213740E+00
490.314999819,+1.07243070E+00
490.674000025,+1.07240600E+00
491.032999992,+1.07242160E+00
491.39199996,+1.07249170E+00
491.750999928,+1.07264090E+00
492.108999968,+1.07269410E+00
492.467999935,+1.07285500E+00
492.826999903,+1.07291600E+00
493.18599987,+1.07305100E+00
493.544999838,+1.07310420E+00
493.904999971,+1.07309510E+00
494.263999939,+1.07316650E+00
494.622999907,+1.07329760E+00
494.98300004,+1.07339620E+00
495.340999842,+1.07350910E+00
495.700999975,+1.07363760E+00
496.059999943,+1.07358960E+00
496.41899991,+1.07376350E+00
496.777999878,+1.07375830E+00
497.138000011,+1.07386990E+00
497.496999979,+1.07392180E+00
497.855999947,+1.07400230E+00
498.215999842,+1.07401520E+00
498.575999975,+1.07406460E+00
498.934999943,+1.07408010E+00
499.29399991,+1.07413460E+00
499.652999878,+1.07425920E+00
500.011999846,+1.07428000E+00
500.371999979,+1.07439420E+00
500.730999947,+1.07453440E+00
501.090999842,+1.07452660E+00
501.450000048,+1.07462650E+00
501.809000015,+1.07467320E+00
502.167999983,+1.07473810E+00
502.52699995,+1.07476410E+00
502.885999918,+1.07483410E+00
503.244999886,+1.07496390E+00
503.605000019,+1.07498730E+00
503.963999987,+1.07500280E+00
504.322999954,+1.07510930E+00
504.681999922,+1.07516250E+00
505.040999889,+1.07519100E+00
505.399999857,+1.07517290E+00
505.757999897,+1.07537790E+00
506.116999865,+1.07536490E+00
506.475999832,+1.07539350E+00
506.835999966,+1.07540900E+00
507.194000006,+1.07554790E+00
507.552999973,+1.07561670E+00
507.911999941,+1.07558290E+00
508.270999908,+1.07568550E+00
508.629999876,+1.07567900E+00
508.988999844,+1.07571270E+00
509.348999977,+1.07576850E+00
509.707999945,+1.07590350E+00
510.06799984,+1.07584380E+00
510.427000046,+1.07590350E+00
510.784999847,+1.07590870E+00
511.143999815,+1.07610340E+00
511.503000021,+1.07607480E+00
511.861999989,+1.07603330E+00
512.220999956,+1.07613190E+00
512.579999924,+1.07618900E+00
512.938999891,+1.07627210E+00
513.297999859,+1.07625650E+00
513.656999826,+1.07635510E+00
514.016000032,+1.07635250E+00
514.375,+1.07637070E+00
514.733999968,+1.07638890E+00
515.092999935,+1.07643820E+00
515.451999903,+1.07653160E+00
515.81099987,+1.07656670E+00
516.171000004,+1.07657310E+00
516.530999899,+1.07670940E+00
516.889999866,+1.07663020E+00
517.248999834,+1.07668990E+00
517.606999874,+1.07672110E+00
517.964999914,+1.07679250E+00
518.323999882,+1.07676130E+00
518.684000015,+1.07682100E+00
519.042999983,+1.07682750E+00
519.40199995,+1.07691450E+00
519.760999918,+1.07697680E+00
520.119999886,+1.07697160E+00
520.478999853,+1.07701050E+00
520.837999821,+1.07706500E+00
521.197000027,+1.07712600E+00
521.555999994,+1.07712860E+00
521.915999889,+1.07721940E+00
522.273999929,+1.07718440E+00
522.633999825,+1.07716880E+00
522.993000031,+1.07725060E+00
523.351999998,+1.07727780E+00
523.710000038,+1.07730250E+00
524.069000006,+1.07732840E+00
524.427999973,+1.07738680E+00
524.786999941,+1.07741410E+00
525.146999836,+1.07748940E+00
525.504999876,+1.07752310E+00
525.863999844,+1.07754130E+00
526.22300005,+1.07753350E+00
526.582999945,+1.07752180E+00
526.941999912,+1.07757500E+00
527.30099988,+1.07760620E+00
527.659999847,+1.07765160E+00
528.017999887,+1.07773590E+00
528.376999855,+1.07771260E+00
528.735999823,+1.07776320E+00
529.095000029,+1.07784370E+00
529.453999996,+1.07784630E+00
529.813999891,+1.07790470E+00
530.172999859,+1.07796310E+00
530.531999826,+1.07797600E+00
530.891000032,+1.07802280E+00
531.25,+1.07804610E+00
531.608999968,+1.07809800E+00
531.967999935,+1.07816550E+00
532.32799983,+1.07818890E+00
532.68599987,+1.07822520E+00
533.044999838,+1.07821480E+00
533.402999878,+1.07817720E+00
533.763999939,+1.07825640E+00
534.122999907,+1.07829530E+00
534.481999874,+1.07836280E+00
534.840999842,+1.07837320E+00
535.200000048,+1.07839130E+00
535.559000015,+1.07847700E+00
535.917999983,+1.07858080E+00
536.27699995,+1.07856260E+00
536.636999846,+1.07852890E+00
536.994999886,+1.07855220E+00
537.353999853,+1.07860930E+00
537.712999821,+1.07867160E+00
538.072000027,+1.07866770E+00
538.430999994,+1.07870540E+00
538.789999962,+1.07871320E+00
539.148999929,+1.07865090E+00
539.506999969,+1.07873520E+00
539.866999865,+1.07883000E+00
540.225999832,+1.07884420E+00
540.585000038,+1.07888450E+00
540.944000006,+1.07887540E+00
541.302999973,+1.07882610E+00
541.661999941,+1.07892600E+00
542.020999908,+1.07897140E+00
542.379999876,+1.07900780E+00
542.738999844,+1.07904410E+00
543.09800005,+1.07900520E+00
543.457000017,+1.07908040E+00
543.815999985,+1.07911940E+00
544.174999952,+1.07912200E+00
544.53399992,+1.07916350E+00
544.89199996,+1.07915830E+00
545.250999928,+1.07921150E+00
545.609999895,+1.07920240E+00
545.970000029,+1.07920240E+00
546.328999996,+1.07926470E+00
546.687999964,+1.07929330E+00
547.046999931,+1.07933220E+00
547.405999899,+1.07936720E+00
547.764999866,+1.07936980E+00
548.123999834,+1.07935430E+00
548.48300004,+1.07949960E+00
548.842000008,+1.07949700E+00
549.200999975,+1.07953080E+00
549.559999943,+1.07951260E+00
549.91899991,+1.07945810E+00
550.277999878,+1.07950090E+00
550.636999846,+1.07954890E+00
550.996999979,+1.07959820E+00
551.356999874,+1.07962810E+00
551.714999914,+1.07963200E+00
552.075000048,+1.07964240E+00
552.434000015,+1.07972800E+00
552.792999983,+1.07976960E+00
553.15199995,+1.07978770E+00
553.511999846,+1.07978510E+00
553.871000051,+1.07982410E+00
554.228999853,+1.07985650E+00
554.587999821,+1.07988760E+00
554.945999861,+1.07992270E+00
555.303999901,+1.07992400E+00
555.661999941,+1.07994350E+00
556.020999908,+1.07994220E+00
556.379999876,+1.07998890E+00
556.737999916,+1.08000700E+00
557.095999956,+1.08002780E+00
557.454999924,+1.08002000E+00
557.812999964,+1.08003820E+00
558.171999931,+1.08010310E+00
558.529999971,+1.08012120E+00
558.888000011,+1.08013420E+00
559.246000051,+1.08012380E+00
559.605000019,+1.08005640E+00
559.962999821,+1.08004340E+00
560.320999861,+1.08011350E+00
560.677999973,+1.08015110E+00
561.036999941,+1.08014460E+00
561.394999981,+1.08012380E+00
561.753999949,+1.08017060E+00
562.111999989,+1.08019390E+00
562.470999956,+1.08021470E+00
562.82799983,+1.08021730E+00
563.18599987,+1.08025880E+00
563.544999838,+1.08030290E+00
563.904000044,+1.08031590E+00
564.261999846,+1.08035480E+00
564.621000051,+1.08037560E+00
564.980000019,+1.08039120E+00
565.337999821,+1.08042490E+00
565.697000027,+1.08045090E+00
566.055999994,+1.08050540E+00
566.414999962,+1.08052360E+00
566.773000002,+1.08054690E+00
567.131999969,+1.08056250E+00
567.49000001,+1.08054170E+00
567.84800005,+1.08056770E+00
568.205999851,+1.08063000E+00
568.565999985,+1.08064810E+00
568.924000025,+1.08066630E+00
569.281999826,+1.08067410E+00
569.641000032,+1.08071170E+00
570.0,+1.08072990E+00
570.358999968,+1.08067150E+00
570.717999935,+1.08063780E+00
571.075999975,+1.08060400E+00
571.432999849,+1.08068450E+00
571.790999889,+1.08073120E+00
572.148000002,+1.08071040E+00
572.506000042,+1.08076880E+00
572.86500001,+1.08079870E+00
573.22300005,+1.08086880E+00
573.582000017,+1.08088170E+00
573.940999985,+1.08084540E+00
574.299999952,+1.08087780E+00
574.65899992,+1.08092720E+00
575.016000032,+1.08097780E+00
575.373999834,+1.08099590E+00
575.731999874,+1.08098430E+00
576.089999914,+1.08103360E+00
576.447999954,+1.08105690E+00
576.805999994,+1.08107510E+00
577.164000034,+1.08107380E+00
577.521999836,+1.08110110E+00
577.879999876,+1.08112960E+00
578.237999916,+1.08111400E+00
578.595999956,+1.08112440E+00
578.953999996,+1.08110110E+00
579.312000036,+1.08110240E+00
579.669999838,+1.08115560E+00
580.02699995,+1.08115820E+00
580.38499999,+1.08114000E+00
580.743000031,+1.08116850E+00
581.100999832,+1.08122310E+00
581.458999872,+1.08119450E+00
581.816999912,+1.08121400E+00
582.174000025,+1.08126330E+00
582.531999826,+1.08124900E+00
582.889999866,+1.08128530E+00
583.246999979,+1.08129050E+00
583.605000019,+1.08129050E+00
583.961999893,+1.08129700E+00
584.319999933,+1.08130350E+00
584.677999973,+1.08131910E+00
585.036000013,+1.08133470E+00
585.393999815,+1.08132560E+00
585.751999855,+1.08137100E+00
586.110999823,+1.08139440E+00
586.468999863,+1.08141770E+00
586.825999975,+1.08139950E+00
587.184999943,+1.08141510E+00
587.542999983,+1.08146180E+00
587.901000023,+1.08145670E+00
588.258999825,+1.08146960E+00
588.616999865,+1.08149950E+00
588.974999905,+1.08150210E+00
589.332999945,+1.08153450E+00
589.689999819,+1.08152540E+00
590.047999859,+1.08156960E+00
590.405999899,+1.08158770E+00
590.763999939,+1.08159550E+00
591.121999979,+1.08159810E+00
591.480000019,+1.08162930E+00
591.836999893,+1.08163440E+00
592.195999861,+1.08163960E+00
592.552999973,+1.08166820E+00
592.911999941,+1.08167600E+00
593.269999981,+1.08169150E+00
593.626999855,+1.08169930E+00
593.985999823,+1.08169410E+00
594.343999863,+1.08170710E+00
594.700999975,+1.08175120E+00
595.059000015,+1.08176940E+00
595.416999817,+1.08173180E+00
595.774999857,+1.08179020E+00
596.132999897,+1.08181480E+00
596.490999937,+1.08181350E+00
596.848999977,+1.08178630E+00
597.207000017,+1.08181740E+00
597.564999819,+1.08186540E+00
597.924000025,+1.08185770E+00
598.281999826,+1.08185250E+00
598.639999866,+1.08189920E+00
598.996999979,+1.08191220E+00
599.355000019,+1.08188100E+00
599.712999821,+1.08191870E+00
600.070999861,+1.08195630E+00
600.428999901,+1.08198610E+00
600.786000013,+1.08195500E+00
601.143999815,+1.08200430E+00
601.501999855,+1.08201080E+00
601.859999895,+1.08202770E+00
602.217999935,+1.08205100E+00
602.575999975,+1.08206400E+00
602.934000015,+1.08206400E+00
603.291999817,+1.08208740E+00
603.651000023,+1.08210550E+00
604.008999825,+1.08212240E+00
604.366999865,+1.08210550E+00
604.724999905,+1.08214190E+00
605.082999945,+1.08220680E+00
605.440999985,+1.08221970E+00
605.799999952,+1.08222750E+00
606.157999992,+1.08224050E+00
606.516000032,+1.08225090E+00
606.873999834,+1.08225610E+00
607.230999947,+1.08226390E+00
607.589999914,+1.08231060E+00
607.947999954,+1.08235470E+00
608.305999994,+1.08232360E+00
608.662999868,+1.08237290E+00
609.020999908,+1.08234690E+00
609.378999949,+1.08236250E+00
609.736999989,+1.08238070E+00
610.095000029,+1.08237680E+00
610.45299983,+1.08239100E+00
610.81099987,+1.08239620E+00
611.16899991,+1.08245330E+00
611.526000023,+1.08245330E+00
611.883999825,+1.08249490E+00
612.241999865,+1.08249750E+00
612.599999905,+1.08268170E+00
612.957999945,+1.08255200E+00
613.315999985,+1.08263370E+00
613.674000025,+1.08254940E+00
614.031999826,+1.08262720E+00
614.389999866,+1.08252080E+00
614.747999907,+1.08248970E+00
615.105999947,+1.08263500E+00
615.463999987,+1.08280760E+00
615.822000027,+1.08297240E+00
616.179999828,+1.08299060E+00
616.537999868,+1.08299450E+00
616.894999981,+1.08299970E+00
617.253000021,+1.08302180E+00
617.610999823,+1.08297630E+00
617.968999863,+1.08301920E+00
618.326999903,+1.08299060E+00
618.68599987,+1.08302310E+00
619.042999983,+1.08301400E+00
619.401000023,+1.08300880E+00
619.758999825,+1.08303860E+00
620.115999937,+1.08302570E+00
620.473999977,+1.08301920E+00
620.832999945,+1.08305420E+00
621.189999819,+1.08306980E+00
621.547999859,+1.08306590E+00
621.905999899,+1.08311000E+00
622.263999939,+1.08308410E+00
622.621999979,+1.08311130E+00
622.980000019,+1.08308660E+00
623.337999821,+1.08317100E+00
623.694999933,+1.08484250E+00
624.052999973,+1.08668150E+00
624.411000013,+1.08843480E+00
624.767999887,+1.08915370E+00
625.125999928,+1.09011150E+00
625.483999968,+1.09159350E+00
625.842000008,+1.09326250E+00
626.200000048,+1.09413330E+00
626.557999849,+1.09456670E+00
626.915999889,+1.09627980E+00
627.273999929,+1.09823030E+00
627.631999969,+1.10009780E+00
627.99000001,+1.10107890E+00
628.34800005,+1.10474640E+00
628.704999924,+1.10436100E+00
629.062999964,+1.10760930E+00
629.421000004,+1.10970780E+00
629.779000044,+1.11158820E+00
630.138000011,+1.11469770E+00
630.494999886,+1.11872730E+00
630.852999926,+1.12240510E+00
631.210999966,+1.13212020E+00
631.569000006,+1.14168350E+00
631.92599988,+1.15908790E+00
632.28399992,+1.17156590E+00
632.64199996,+1.17626510E+00
632.998999834,+1.18227120E+00
633.35800004,+1.18981510E+00
633.715999842,+1.19877110E+00
634.073999882,+1.20485760E+00
634.430999994,+1.20864060E+00
634.789000034,+1.21986760E+00
635.146999836,+1.22286020E+00
635.504999876,+1.22615270E+00
635.862999916,+1.23021730E+00
636.220999956,+1.23447920E+00
636.578999996,+1.23860350E+00
636.937000036,+1.24190370E+00
637.29399991,+1.24625770E+00
637.65199995,+1.25011210E+00
638.00999999,+1.25867120E+00
638.368999958,+1.26903130E+00
638.726999998,+1.27647010E+00
639.085000038,+1.28238530E+00
639.441999912,+1.28964760E+00
639.799999952,+1.28929200E+00
640.157999992,+1.29186030E+00
640.516000032,+1.29416380E+00
640.875,+1.29458040E+00
641.23300004,+1.29532020E+00
641.590999842,+1.29737840E+00
641.948999882,+1.29830370E+00
642.305999994,+1.29785470E+00
642.664000034,+1.29990910E+00
643.020999908,+1.30351820E+00
643.378999949,+1.30734010E+00
643.736999989,+1.31194590E+00
644.093999863,+1.31593910E+00
644.45299983,+1.31967800E+00
644.81099987,+1.32163890E+00
645.16899991,+1.32266930E+00
645.527999878,+1.32358950E+00
645.88499999,+1.32343370E+00
646.243000031,+1.32385160E+00
646.600999832,+1.32545170E+00
646.958999872,+1.32582550E+00
647.315999985,+1.32481970E+00
647.674000025,+1.32442130E+00
648.031999826,+1.32463800E+00
648.389999866,+1.32416700E+00
648.747999907,+1.32613570E+00
649.105999947,+1.32595790E+00
649.463999987,+1.32547510E+00
649.822000027,+1.32588260E+00
650.179999828,+1.32571650E+00
650.537999868,+1.32637450E+00
650.894999981,+1.32746200E+00
651.253000021,+1.32692600E+00
651.610999823,+1.32703890E+00
651.968999863,+1.32773450E+00
652.326999903,+1.32583590E+00
652.684999943,+1.32795000E+00
653.042999983,+1.33107370E+00
653.401000023,+1.33175500E+00
653.758999825,+1.33233380E+00
654.115999937,+1.33312290E+00
654.474999905,+1.33451800E+00
654.832999945,+1.33415200E+00
655.190999985,+1.33477360E+00
655.549000025,+1.33465160E+00
655.907999992,+1.33431550E+00
656.266000032,+1.33481000E+00
656.622999907,+1.33434800E+00
656.980999947,+1.33749630E+00
657.338999987,+1.34167000E+00
657.695999861,+1.34614470E+00
658.053999901,+1.35016260E+00
658.411999941,+1.35297350E+00
658.770999908,+1.35377680E+00
659.128999949,+1.35443740E+00
659.486999989,+1.35464380E+00
659.845000029,+1.35481510E+00
660.20299983,+1.35515250E+00
660.56099987,+1.35441920E+00
660.91899991,+1.35435950E+00
661.276000023,+1.35459570E+00
661.633999825,+1.35464900E+00
661.991999865,+1.35496040E+00
662.349999905,+1.35507460E+00
662.707999945,+1.35548210E+00
663.065999985,+1.35485920E+00
663.422999859,+1.35480470E+00
663.780999899,+1.35439720E+00
664.138999939,+1.35404420E+00
664.496999979,+1.35371200E+00
664.855000019,+1.35386770E+00
665.212999821,+1.35452570E+00
665.570999861,+1.35406500E+00
665.928999901,+1.35392480E+00
666.286999941,+1.35366910E+00
666.644999981,+1.35292680E+00
667.003000021,+1.35275030E+00
667.360999823,+1.35201190E+00
667.718999863,+1.35244010E+00
668.076999903,+1.35179520E+00
668.434999943,+1.35137730E+00
668.792999983,+1.35111900E+00
669.151000023,+1.35094510E+00
669.508999825,+1.35092440E+00
669.865999937,+1.35039880E+00
670.223999977,+1.35019370E+00
670.582000017,+1.34966810E+00
670.939999819,+1.34940340E+00
671.299000025,+1.34915290E+00
671.656999826,+1.34860260E+00
672.014999866,+1.34849360E+00
672.371999979,+1.34802380E+00
672.730000019,+1.34798880E+00
673.087999821,+1.34766950E+00
673.445999861,+1.34717640E+00
673.803999901,+1.34714270E+00
674.161999941,+1.34664430E+00
674.519999981,+1.34650160E+00
674.878999949,+1.34614210E+00
675.236999989,+1.34585010E+00
675.595000029,+1.34562690E+00
675.95299983,+1.34510910E+00
676.31099987,+1.34482870E+00
676.667999983,+1.34438230E+00
677.026000023,+1.34438490E+00
677.383999825,+1.34408900E+00
677.743000031,+1.34398650E+00
678.100999832,+1.34354650E+00
678.458999872,+1.34319350E+00
678.816999912,+1.34311830E+00
679.174999952,+1.34266020E+00
679.531999826,+1.34266020E+00
679.891000032,+1.34219560E+00
680.248999834,+1.34180490E+00
680.606999874,+1.34166480E+00
680.964999914,+1.34117290E+00
681.322999954,+1.34117550E+00
681.680999994,+1.34066290E+00
682.039000034,+1.34045780E+00
682.396999836,+1.34023720E+00
682.754999876,+1.33979340E+00
683.111999989,+1.33981290E+00
683.470000029,+1.33932620E+00
683.826999903,+1.33919250E+00
684.184999943,+1.33887070E+00
684.541999817,+1.33849430E+00
684.901000023,+1.33815430E+00
685.257999897,+1.33766250E+00
685.615999937,+1.33778440E+00
685.973999977,+1.33729130E+00
686.332999945,+1.33702530E+00
686.689999819,+1.33671640E+00
687.047999859,+1.33636730E+00
687.405999899,+1.33629200E+00
687.763999939,+1.33592340E+00
688.121000051,+1.33570670E+00
688.478999853,+1.33542250E+00
688.836999893,+1.33524860E+00
689.194999933,+1.33514220E+00
689.552999973,+1.33477880E+00
689.911000013,+1.33464770E+00
690.268999815,+1.33421690E+00
690.626999855,+1.33397810E+00
690.985999823,+1.33376790E+00
691.343999863,+1.33344470E+00
691.700999975,+1.33335130E+00
692.059000015,+1.33298140E+00
692.415999889,+1.33299700E+00
692.773999929,+1.33263360E+00
693.131999969,+1.33245970E+00
693.49000001,+1.33230270E+00
693.848999977,+1.33203010E+00
694.207999945,+1.33199640E+00
694.565999985,+1.33164080E+00
694.924000025,+1.33149290E+00
695.281999826,+1.33134620E+00
695.641000032,+1.33107370E+00
695.998999834,+1.33101400E+00
696.356999874,+1.33072330E+00
696.714999914,+1.33073760E+00
697.073999882,+1.33046110E+00
697.432999849,+1.33034690E+00
697.790999889,+1.33020420E+00
698.148999929,+1.32990570E+00
698.507999897,+1.33000430E+00
698.865999937,+1.32964610E+00
699.223999977,+1.32965650E+00
699.580999851,+1.32935540E+00
699.939999819,+1.32925680E+00
700.297999859,+1.32917890E+00
700.656999826,+1.32902710E+00
701.016000032,+1.32901410E+00
701.373999834,+1.32873120E+00
701.73300004,+1.32857680E+00
702.090999842,+1.32849110E+00
702.448999882,+1.32829000E+00
702.807999849,+1.32824710E+00
703.165999889,+1.32796030E+00
703.524999857,+1.32806930E+00
703.883999825,+1.32780850E+00
704.241999865,+1.32771900E+00
704.599999905,+1.32767740E+00
704.958999872,+1.32746720E+00
705.316999912,+1.32739710E+00
705.674999952,+1.32717780E+00
706.032999992,+1.32720370E+00
706.39199996,+1.32702200E+00
706.75,+1.32685200E+00
707.10800004,+1.32672360E+00
707.465999842,+1.32658210E+00
707.823999882,+1.32663920E+00
708.181999922,+1.32637450E+00
708.540999889,+1.32633810E+00
708.899999857,+1.32622780E+00
709.258999825,+1.32608380E+00
709.616999865,+1.32605260E+00
709.975999832,+1.32583590E+00
710.333999872,+1.32576840E+00
710.691999912,+1.32564640E+00
711.049999952,+1.32551660E+00
711.407999992,+1.32544660E+00
711.766000032,+1.32529600E+00
712.123999834,+1.32530250E+00
712.481999874,+1.32516360E+00
712.840999842,+1.32511430E+00
713.198999882,+1.32501960E+00
713.556999922,+1.32487420E+00
713.915999889,+1.32487680E+00
714.273999929,+1.32475740E+00
714.631999969,+1.32464840E+00
714.99000001,+1.32454980E+00
715.34800005,+1.32446030E+00
715.705999851,+1.32444340E+00
716.064999819,+1.32426300E+00
716.422999859,+1.32424740E+00
716.780999899,+1.32408780E+00
717.138999939,+1.32399570E+00
717.497999907,+1.32393080E+00
717.855999947,+1.32382300E+00
718.214999914,+1.32375040E+00
718.572999954,+1.32366730E+00
718.930999994,+1.32371140E+00
719.289000034,+1.32356350E+00
719.646999836,+1.32351940E+00
720.004999876,+1.32346490E+00
720.362999916,+1.32333250E+00
720.720999956,+1.32330910E+00
721.079999924,+1.32323910E+00
721.437999964,+1.32323130E+00
721.796999931,+1.32317160E+00
722.154999971,+1.32312740E+00
722.513999939,+1.32316120E+00
722.872999907,+1.32300030E+00
723.230999947,+1.32296520E+00
723.588999987,+1.32289640E+00
723.947000027,+1.32280170E+00
724.305999994,+1.32282510E+00
724.664000034,+1.32272640E+00
725.023000002,+1.32272900E+00
725.381999969,+1.32262130E+00
725.740999937,+1.32257330E+00
726.098999977,+1.32254990E+00
726.457999945,+1.32247600E+00
726.814999819,+1.32244870E+00
727.174000025,+1.32235010E+00
727.531999826,+1.32234100E+00
727.889999866,+1.32229170E+00
728.247999907,+1.32228650E+00
728.606999874,+1.32224760E+00
728.964999914,+1.32216450E+00
729.322999954,+1.32216970E+00
729.681999922,+1.32206330E+00
730.039999962,+1.32212040E+00
730.398000002,+1.32198020E+00
730.756000042,+1.32195950E+00
731.113999844,+1.32192570E+00
731.471999884,+1.32191790E+00
731.829999924,+1.32192440E+00
732.187000036,+1.32185430E+00
732.546999931,+1.32185430E+00
732.904999971,+1.32186470E+00
733.263000011,+1.32180760E+00
733.621999979,+1.32182190E+00
733.980000019,+1.32174920E+00
734.338999987,+1.32173100E+00
734.697000027,+1.32170900E+00
735.054999828,+1.32172460E+00
735.414000034,+1.32168950E+00
735.771999836,+1.32167260E+00
736.129999876,+1.32168040E+00
736.488999844,+1.32163630E+00
736.846999884,+1.32165970E+00
737.204999924,+1.32164930E+00
737.562999964,+1.32160000E+00
737.921999931,+1.32164930E+00
738.279999971,+1.32162070E+00
738.638000011,+1.32158960E+00
738.996000051,+1.32155070E+00
739.355000019,+1.32160520E+00
739.712999821,+1.32159740E+00
740.070999861,+1.32153510E+00
740.428999901,+1.32152990E+00
740.786999941,+1.32154290E+00
741.143999815,+1.32152210E+00
741.503000021,+1.32149360E+00
741.861999989,+1.32149610E+00
742.220000029,+1.32155580E+00
742.57799983,+1.32151690E+00
742.937000036,+1.32154810E+00
743.296999931,+1.32154030E+00
743.654999971,+1.32156360E+00
744.013999939,+1.32153900E+00
744.371999979,+1.32148060E+00
744.730000019,+1.32150650E+00
745.088999987,+1.32152210E+00
745.447000027,+1.32149870E+00
745.806999922,+1.32148840E+00
746.165999889,+1.32154290E+00
746.524999857,+1.32155580E+00
746.88499999,+1.32161040E+00
747.244999886,+1.32168040E+00
747.602999926,+1.32184910E+00
747.961999893,+1.32201790E+00
748.319999933,+1.32220470E+00
748.678999901,+1.32242280E+00
749.037999868,+1.32260440E+00
749.396999836,+1.32284840E+00
749.756999969,+1.32297170E+00
750.115999937,+1.32294320E+00
750.474999905,+1.32272380E+00
750.833999872,+1.32320270E+00
751.191999912,+1.32225020E+00
751.549999952,+1.32238250E+00
751.90899992,+1.32291980E+00
752.267999887,+1.32295610E+00
752.626999855,+1.32328840E+00
752.984999895,+1.32331950E+00
753.343999863,+1.32337660E+00
753.70299983,+1.32334160E+00
754.062000036,+1.32335840E+00
754.421999931,+1.32337400E+00
754.780999899,+1.32339220E+00
755.139999866,+1.32342070E+00
755.5,+1.32355310E+00
755.85800004,+1.32368810E+00
756.217000008,+1.32373480E+00
756.575000048,+1.32380230E+00
756.934000015,+1.32387240E+00
757.291999817,+1.32387110E+00
757.65199995,+1.32386070E+00
758.00999999,+1.32390220E+00
758.368000031,+1.32392430E+00
758.726999998,+1.32392040E+00
759.085999966,+1.32396580E+00
759.444999933,+1.32404760E+00
759.802999973,+1.32403200E+00
760.162999868,+1.32397100E+00
760.521999836,+1.32406310E+00
760.881999969,+1.32413580E+00
761.24000001,+1.32416700E+00
761.59800005,+1.32425520E+00
761.955999851,+1.32436420E+00
762.313999891,+1.32402810E+00
762.672999859,+1.32410470E+00
763.030999899,+1.32447710E+00
763.388999939,+1.32428890E+00
763.747999907,+1.32441610E+00
764.106999874,+1.32440570E+00
764.464999914,+1.32445770E+00
764.822999954,+1.32442390E+00
765.181999922,+1.32447580E+00
765.539999962,+1.32446800E+00
765.898000002,+1.32448750E+00
766.256000042,+1.32453940E+00
766.61500001,+1.32457840E+00
766.973999977,+1.32461210E+00
767.332000017,+1.32465620E+00
767.690999985,+1.32468740E+00
768.049000025,+1.32467440E+00
768.407999992,+1.32472630E+00
768.766000032,+1.32472890E+00
769.123999834,+1.32477040E+00
769.48300004,+1.32484310E+00
769.840999842,+1.32485610E+00
770.198999882,+1.32490410E+00
770.557999849,+1.32439540E+00
770.915999889,+1.32370370E+00
771.274999857,+1.32281210E+00
771.633999825,+1.32324680E+00
771.993999958,+1.32234490E+00
772.351999998,+1.32007120E+00
772.710999966,+1.32080830E+00
773.069999933,+1.32090310E+00
773.427999973,+1.32066560E+00
773.786999941,+1.32101860E+00
774.145999908,+1.31913810E+00
774.503999949,+1.32006340E+00
774.862999916,+1.32143130E+00
775.221999884,+1.32237080E+00
775.580999851,+1.32314560E+00
775.938999891,+1.32319230E+00
776.297999859,+1.32361020E+00
776.655999899,+1.32361540E+00
777.014999866,+1.32398140E+00
777.373999834,+1.32386200E+00
777.731999874,+1.32414620E+00
778.090999842,+1.32437720E+00
778.450999975,+1.32451610E+00
778.809999943,+1.32464580E+00
779.16899991,+1.32490020E+00
779.527999878,+1.32496380E+00
779.885999918,+1.32512080E+00
780.244999886,+1.32520520E+00
780.602999926,+1.32530380E+00
780.961999893,+1.32541280E+00
781.319999933,+1.32551660E+00
781.677999973,+1.32559710E+00
782.036000013,+1.32571910E+00
782.395999908,+1.32578920E+00
782.753999949,+1.32590600E+00
783.112999916,+1.32599940E+00
783.470000029,+1.32607340E+00
783.82799983,+1.32614480E+00
784.18599987,+1.32621220E+00
784.54399991,+1.32629400E+00
784.902999878,+1.32637710E+00
785.25999999,+1.32644450E+00
785.618999958,+1.32652760E+00
785.976999998,+1.32657430E+00
786.335000038,+1.32666390E+00
786.69299984,+1.32673650E+00
787.05099988,+1.32676770E+00
787.40899992,+1.32682610E+00
787.767999887,+1.32688190E+00
788.125999928,+1.32694680E+00
788.484999895,+1.32700780E+00
788.842999935,+1.32708170E+00
789.200999975,+1.32712460E+00
789.559999943,+1.32718430E+00
789.917999983,+1.32723100E+00
790.276000023,+1.32729850E+00
790.63499999,+1.32735040E+00
790.993000031,+1.32740750E+00
791.351999998,+1.32752950E+00
791.710000038,+1.32754250E+00
792.06799984,+1.32760220E+00
792.427000046,+1.32768000E+00
792.784999847,+1.32774750E+00
793.143999815,+1.32777860E+00
793.503000021,+1.32777860E+00
793.861999989,+1.32782540E+00
794.220000029,+1.32784870E+00
794.57799983,+1.32782800E+00
794.93599987,+1.32793440E+00
795.294999838,+1.32795770E+00
795.652999878,+1.32805120E+00
796.011999846,+1.32804080E+00
796.369999886,+1.32809270E+00
796.728999853,+1.32816150E+00
797.086999893,+1.32816280E+00
797.445999861,+1.32820300E+00
797.804999828,+1.32824710E+00
798.161999941,+1.32833540E+00
798.520999908,+1.32838210E+00
798.878999949,+1.32844440E+00
799.236999989,+1.32850150E+00
799.595000029,+1.32866240E+00
799.953999996,+1.32895700E+00
800.312000036,+1.32914000E+00
800.669999838,+1.32955530E+00
801.029000044,+1.33021980E+00
801.385999918,+1.33137610E+00
801.743999958,+1.37294390E+00
802.102999926,+1.39035350E+00
802.460999966,+1.39419100E+00
802.819000006,+1.39595850E+00
803.17599988,+1.39699280E+00
803.534999847,+1.39770660E+00
803.89199996,+1.39941060E+00
804.250999928,+1.40281200E+00
804.608999968,+1.41426100E+00
804.967999935,+1.42513240E+00
805.325999975,+1.43776740E+00
805.684000015,+1.44707370E+00
806.042999983,+1.44970300E+00
806.40199995,+1.46939290E+00
806.75999999,+1.49273060E+00
807.118000031,+1.49759080E+00
807.475999832,+1.49914550E+00
807.835000038,+1.50048610E+00
808.191999912,+1.50702040E+00
808.55099988,+1.50990920E+00
808.90899992,+1.51252160E+00
809.267999887,+1.51507950E+00
809.625999928,+1.51632280E+00
809.984999895,+1.51712480E+00
810.342999935,+1.51817470E+00
810.701999903,+1.51875220E+00
811.06099987,+1.51895990E+00
811.41899991,+1.51903510E+00
811.77699995,+1.51912340E+00
812.13499999,+1.52373300E+00
812.493999958,+1.52703720E+00
812.851999998,+1.52950940E+00
813.211999893,+1.53088760E+00
813.569999933,+1.53189990E+00
813.927999973,+1.53243850E+00
814.286000013,+1.53297830E+00
814.643999815,+1.53343130E+00
815.003000021,+1.53394390E+00
815.360999823,+1.53424110E+00
815.720000029,+1.53452010E+00
816.07799983,+1.53467970E+00
816.43599987,+1.53477840E+00
816.79399991,+1.53485880E+00
817.15199995,+1.53487310E+00
817.510999918,+1.53480950E+00
817.868999958,+1.53477060E+00
818.226999998,+1.53475760E+00
818.583999872,+1.53473680E+00
818.94299984,+1.53474980E+00
819.30099988,+1.53476280E+00
819.65899992,+1.53479390E+00
820.017999887,+1.53484450E+00
820.375,+1.53496520E+00
820.73300004,+1.53496000E+00
821.090999842,+1.53503270E+00
821.450000048,+1.53508200E+00
821.807999849,+1.53511580E+00
822.165999889,+1.53514690E+00
822.524999857,+1.53517030E+00
822.882999897,+1.53516510E+00
823.240999937,+1.53515990E+00
823.599999905,+1.53518070E+00
823.958999872,+1.53516510E+00
824.316999912,+1.53518590E+00
824.67599988,+1.53519100E+00
825.03399992,+1.53518840E+00
825.392999887,+1.53518840E+00
825.750999928,+1.53519100E+00
826.109999895,+1.53518970E+00
826.467999935,+1.53519880E+00
826.825999975,+1.53520660E+00
827.184999943,+1.53521180E+00
827.54399991,+1.53519620E+00
827.90199995,+1.53521180E+00
828.25999999,+1.53521440E+00
828.618999958,+1.53521960E+00
828.976999998,+1.53523000E+00
829.335000038,+1.53522350E+00
829.69299984,+1.53521440E+00
830.05099988,+1.53519880E+00
830.409999847,+1.53521960E+00
830.769999981,+1.53519620E+00
831.128999949,+1.53519880E+00
831.486999989,+1.53522480E+00
831.845000029,+1.53522480E+00
832.20299983,+1.53522480E+00
832.56099987,+1.53522480E+00
832.91899991,+1.53522480E+00
833.277999878,+1.53522480E+00
833.635999918,+1.53521700E+00
833.994999886,+1.53521960E+00
834.352999926,+1.53522350E+00
834.710999966,+1.53523000E+00
835.069999933,+1.53524810E+00
835.427999973,+1.53523650E+00
835.786000013,+1.53522480E+00
836.144999981,+1.53521570E+00
836.503999949,+1.53522350E+00
836.862999916,+1.53523780E+00
837.221999884,+1.53524560E+00
837.582000017,+1.53523780E+00
837.939999819,+1.53522740E+00
838.299000025,+1.53523260E+00
838.656999826,+1.53523650E+00
839.014999866,+1.53523260E+00
839.372999907,+1.53522740E+00
839.731999874,+1.53524040E+00
840.089999914,+1.53526370E+00
840.447999954,+1.53524040E+00
840.806999922,+1.53525330E+00
841.165999889,+1.53522740E+00
841.523999929,+1.53521960E+00
841.882999897,+1.53524810E+00
842.241999865,+1.53524040E+00
842.600999832,+1.53524300E+00
842.960000038,+1.53523520E+00
843.319000006,+1.53524300E+00
843.677000046,+1.53524040E+00
844.036000013,+1.53525070E+00
844.393999815,+1.53524040E+00
844.753000021,+1.53525200E+00
845.110999823,+1.53524170E+00
845.468999863,+1.53523000E+00
845.82799983,+1.53523390E+00
846.187000036,+1.53523520E+00
846.544999838,+1.53525590E+00
846.904999971,+1.53525330E+00
847.263999939,+1.53523260E+00
847.621999979,+1.53524940E+00
847.981999874,+1.53523000E+00
848.342000008,+1.53522480E+00
848.700999975,+1.53524430E+00
849.059999943,+1.53524300E+00
849.417999983,+1.53525330E+00
849.77699995,+1.53524430E+00
850.135999918,+1.53524810E+00
850.493999958,+1.53523260E+00
850.851999998,+1.53525070E+00
851.210999966,+1.53525070E+00
851.570999861,+1.53526370E+00
851.928999901,+1.53525070E+00
852.287999868,+1.53526110E+00
852.645999908,+1.53525070E+00
853.003999949,+1.53525070E+00
853.362999916,+1.53525720E+00
853.721999884,+1.53524810E+00
854.079999924,+1.53524300E+00
854.438999891,+1.53524300E+00
854.797999859,+1.53525590E+00
855.155999899,+1.53525200E+00
855.513999939,+1.53527930E+00
855.872999907,+1.53525460E+00
856.231999874,+1.53525850E+00
856.589999914,+1.53525590E+00
856.947999954,+1.53525070E+00
857.306999922,+1.53526110E+00
857.664999962,+1.53527150E+00
858.023000002,+1.53528710E+00
858.381000042,+1.53527800E+00
858.738999844,+1.53526760E+00
859.095999956,+1.53524940E+00
859.453999996,+1.53526110E+00
859.812999964,+1.53527150E+00
860.171000004,+1.53527150E+00
860.529999971,+1.53526890E+00
860.888000011,+1.53526630E+00
861.246999979,+1.53525200E+00
861.605000019,+1.53526240E+00
861.963999987,+1.53527800E+00
862.322999954,+1.53527020E+00
862.681999922,+1.53528970E+00
863.039999962,+1.53528450E+00
863.398999929,+1.53528190E+00
863.757999897,+1.53527410E+00
864.116999865,+1.53527930E+00
864.475999832,+1.53526370E+00
864.835000038,+1.53527670E+00
865.19299984,+1.53527930E+00
865.552000046,+1.53528060E+00
865.911000013,+1.53528190E+00
866.268999815,+1.53526370E+00
866.626999855,+1.53527930E+00
866.985999823,+1.53528060E+00
867.345000029,+1.53528450E+00
867.701999903,+1.53526890E+00
868.06099987,+1.53528840E+00
868.419999838,+1.53528580E+00
868.779000044,+1.53529230E+00
869.138000011,+1.53530520E+00
869.496999979,+1.53528450E+00
869.855000019,+1.53528320E+00
870.212999821,+1.53528190E+00
870.570999861,+1.53529230E+00
870.928999901,+1.53528450E+00
871.286999941,+1.53528970E+00
871.645999908,+1.53528970E+00
872.003999949,+1.53530270E+00
872.361999989,+1.53527670E+00
872.720000029,+1.53527800E+00
873.07799983,+1.53530270E+00
873.43599987,+1.53529620E+00
873.79399991,+1.53529750E+00
874.152999878,+1.53529490E+00
874.510999918,+1.53529620E+00
874.869999886,+1.53528970E+00
875.227999926,+1.53530140E+00
875.586999893,+1.53530010E+00
875.945999861,+1.53529490E+00
876.304999828,+1.53529750E+00
876.664000034,+1.53531040E+00
877.023000002,+1.53530520E+00
877.381999969,+1.53530270E+00
877.74000001,+1.53530780E+00
878.098999977,+1.53531690E+00
878.457000017,+1.53529490E+00
878.816999912,+1.53530400E+00
879.17599988,+1.53529880E+00
879.53399992,+1.53531560E+00
879.892999887,+1.53530270E+00
880.250999928,+1.53531430E+00
880.609999895,+1.53531040E+00
880.967999935,+1.53530780E+00
881.326999903,+1.53530780E+00
881.68599987,+1.53532080E+00
882.044999838,+1.53530010E+00
882.404000044,+1.53532080E+00
882.763000011,+1.53531950E+00
883.122999907,+1.53532730E+00
883.481999874,+1.53530010E+00
883.840999842,+1.53530400E+00
884.200000048,+1.53531040E+00
884.557999849,+1.53530910E+00
884.917999983,+1.53532730E+00
885.27699995,+1.53532730E+00
885.635999918,+1.53530780E+00
885.994999886,+1.53531430E+00
886.353999853,+1.53531040E+00
886.712999821,+1.53531300E+00
887.072000027,+1.53531560E+00
887.430999994,+1.53531560E+00
887.789000034,+1.53531170E+00
888.148000002,+1.53532990E+00
888.506000042,+1.53532210E+00
888.86500001,+1.53533770E+00
889.223999977,+1.53532860E+00
889.583999872,+1.53532860E+00
889.94299984,+1.53532470E+00
890.302000046,+1.53532470E+00
890.661000013,+1.53532600E+00
891.019999981,+1.53532470E+00
891.378999949,+1.53534160E+00
891.737999916,+1.53534160E+00
892.09800005,+1.53534030E+00
892.457000017,+1.53533250E+00
892.816999912,+1.53531820E+00
893.17599988,+1.53534290E+00
893.534999847,+1.53533380E+00
893.893999815,+1.53534420E+00
894.253000021,+1.53532990E+00
894.610999823,+1.53534420E+00
894.970000029,+1.53533250E+00
895.328999996,+1.53535070E+00
895.688999891,+1.53534940E+00
896.047999859,+1.53535200E+00
896.406999826,+1.53535070E+00
896.766000032,+1.53533900E+00
897.123999834,+1.53533380E+00
897.483999968,+1.53533900E+00
897.842000008,+1.53534030E+00
898.200999975,+1.53535590E+00
898.559999943,+1.53534290E+00
898.91899991,+1.53533380E+00
899.279000044,+1.53533510E+00
899.638000011,+1.53533120E+00
899.996999979,+1.53534160E+00
900.355999947,+1.53534940E+00
900.715999842,+1.53536110E+00
901.075000048,+1.53534550E+00
901.432999849,+1.53535070E+00
901.791999817,+1.53535460E+00
902.151000023,+1.53534550E+00
902.50999999,+1.53534420E+00
902.868000031,+1.53534810E+00
903.227999926,+1.53536620E+00
903.586999893,+1.53535590E+00
903.944999933,+1.53535850E+00
904.302999973,+1.53536110E+00
904.662999868,+1.53536490E+00
905.021999836,+1.53536230E+00
905.381000042,+1.53534550E+00
905.738999844,+1.53535070E+00
906.09800005,+1.53534420E+00
906.457000017,+1.53537010E+00
906.815999985,+1.53537790E+00
907.17599988,+1.53536750E+00
907.53399992,+1.53537010E+00
907.89199996,+1.53537010E+00
908.250999928,+1.53537010E+00
908.609999895,+1.53537530E+00
908.968999863,+1.53535590E+00
909.32799983,+1.53538050E+00
909.687000036,+1.53536230E+00
910.046000004,+1.53535980E+00
910.404999971,+1.53536360E+00
910.763000011,+1.53535720E+00
911.121999979,+1.53536880E+00
911.480999947,+1.53538570E+00
911.840999842,+1.53537400E+00
912.200000048,+1.53537400E+00
912.559000015,+1.53538310E+00
912.917999983,+1.53538570E+00
913.277999878,+1.53538440E+00
913.635999918,+1.53538050E+00
913.994999886,+1.53537400E+00
914.353999853,+1.53538050E+00
914.712999821,+1.53537660E+00
915.072000027,+1.53537400E+00
915.429999828,+1.53538050E+00
915.789000034,+1.53539090E+00
916.148999929,+1.53539740E+00
916.506999969,+1.53537400E+00
916.865999937,+1.53538570E+00
917.224999905,+1.53538310E+00
917.583999872,+1.53537790E+00
917.941999912,+1.53538440E+00
918.302000046,+1.53538050E+00
918.661000013,+1.53540000E+00
919.018999815,+1.53539220E+00
919.378999949,+1.53540130E+00
919.737999916,+1.53537920E+00
920.096999884,+1.53539350E+00
920.455999851,+1.53539870E+00
920.814999819,+1.53539610E+00
921.174000025,+1.53539740E+00
921.532999992,+1.53539220E+00
921.89199996,+1.53538700E+00
922.250999928,+1.53539350E+00
922.609999895,+1.53540520E+00
922.970000029,+1.53541430E+00
923.328999996,+1.53540650E+00
923.687999964,+1.53540130E+00
924.046000004,+1.53540390E+00
924.404999971,+1.53539480E+00
924.763000011,+1.53541430E+00
925.122999907,+1.53542200E+00
925.480999947,+1.53541690E+00
925.840999842,+1.53540520E+00
926.200000048,+1.53541040E+00
926.559000015,+1.53541430E+00
926.917999983,+1.53540650E+00
927.27699995,+1.53540520E+00
927.63499999,+1.53540910E+00
927.994999886,+1.53541430E+00
928.353999853,+1.53539480E+00
928.712999821,+1.53541560E+00
929.072000027,+1.53541560E+00
929.429999828,+1.53540390E+00
929.789000034,+1.53542590E+00
930.148000002,+1.53541950E+00
930.506000042,+1.53541690E+00
930.86500001,+1.53541170E+00
931.223999977,+1.53541040E+00
931.582999945,+1.53541690E+00
931.94299984,+1.53542720E+00
932.302000046,+1.53542070E+00
932.661999941,+1.53540000E+00
933.020999908,+1.53540520E+00
933.378999949,+1.53541170E+00
933.737999916,+1.53542200E+00
934.096999884,+1.53542720E+00
934.455999851,+1.53542070E+00
934.814999819,+1.53542850E+00
935.174000025,+1.53541820E+00
935.53399992,+1.53541820E+00
935.893999815,+1.53543890E+00
936.251999855,+1.53542070E+00
936.611999989,+1.53542200E+00
936.970999956,+1.53542720E+00
937.329999924,+1.53542330E+00
937.687999964,+1.53542590E+00
938.046999931,+1.53541560E+00
938.405999899,+1.53543890E+00
938.764999866,+1.53542330E+00
939.125,+1.53541950E+00
939.483999968,+1.53541820E+00
939.842999935,+1.53543110E+00
940.20299983,+1.53542330E+00
940.56099987,+1.53542850E+00
940.919999838,+1.53543760E+00
941.279000044,+1.53543890E+00
941.638000011,+1.53544020E+00
941.996000051,+1.53543110E+00
942.355999947,+1.53542850E+00
942.713999987,+1.53545320E+00
943.072999954,+1.53544150E+00
943.431999922,+1.53544280E+00
943.790999889,+1.53543630E+00
944.148999929,+1.53544800E+00
