Counter,Time(s),Temperature Voltage(V),Magnet Current(A),Field Coil Current(mA),SQUID Voltage(uV),Mod Current(uA),Pickup Loop Current(uA),
0,0.00600004196167,+1.57115400E+00,,,-38.46605,-0.0114823658269,-45.4373694581
1,4.17599987984,+1.57115400E+00,,,-38.41609,-2.12710372399,-45.4374975369
2,6.70399999619,+1.57114900E+00,,,-38.46431,-4.25516768894,-45.4355665025
3,9.23199987411,+1.57116020E+00,,,-38.46124,-6.36943680175,-45.435182266
4,11.7599999905,+1.57115890E+00,,,-38.50478,-8.4995060241,-45.4392906404
5,14.2890000343,+1.57114650E+00,,,-38.48114,-10.6487984666,-45.4374975369
6,16.7950000763,+1.57114900E+00,,,-38.43332,-12.7485728368,-45.4399310345
7,19.3020000458,+1.57114280E+00,,,-38.42437,-14.8997601314,-45.4362167488
8,21.8069999218,+1.57116640E+00,,,-38.407,-17.0000240964,-45.4359507389
9,24.3139998913,+1.57114280E+00,,,-38.40434,-19.0981927711,-45.4403152709
10,26.8199999332,+1.57115030E+00,,,-38.35625,-21.2138630887,-45.4392906404
11,29.3259999752,+1.57113410E+00,,,-38.36615,-23.3117568456,-45.4341576355
12,31.8329999447,+1.57115520E+00,,,-38.35667,-25.5084205915,-45.4372413793
13,34.3399999142,+1.57114650E+00,,,-38.31433,-27.6396133625,-45.4380098522
14,36.8459999561,+1.57115150E+00,,,-38.25622,-29.7592891566,-45.4330049261
15,39.3519999981,+1.57114900E+00,,,-38.36268,-31.8456955093,-45.4377536946
16,41.8580000401,+1.57114410E+00,,,-38.37549,-33.9691325301,-45.4369852217
17,44.3650000095,+1.57114160E+00,,,-38.37856,-36.0551916758,-45.4382660099
18,46.8710000515,+1.57115150E+00,,,-38.35573,-38.1727250821,-45.4356945813
19,49.3789999485,+1.57114650E+00,,,-38.34771,-40.2564961665,-45.4374975369
20,51.8849999905,+1.57114900E+00,,,-38.38403,-42.4719342826,-45.4332610837
21,54.3910000324,+1.57115520E+00,,,-38.35225,-44.5574424973,-45.4346699507
22,56.8970000744,+1.57115520E+00,,,-38.3393,-46.6747316539,-45.4360788177
23,59.4029998779,+1.57114410E+00,,,-38.30043,-48.7614654984,-45.4401871921
24,61.9089999199,+1.57115400E+00,,,-38.36361,-50.8812990142,-45.4344137931
25,64.4149999619,+1.57114650E+00,,,-38.31124,-52.9666736035,-45.4364729064
26,66.9219999313,+1.57116140E+00,,,-38.29254,-55.2113866375,-45.4344137931
27,69.4279999733,+1.57115030E+00,,,-38.31378,-57.4582541073,-45.4362167488
28,71.9349999428,+1.57115150E+00,,,-38.33088,-59.5123855422,-45.4318522167
29,74.4409999847,+1.57115270E+00,,,-38.29895,-61.6275016429,-45.436729064
30,76.9470000267,+1.57116020E+00,,,-38.26023,-63.7489956188,-45.4376256158
31,79.4539999962,+1.57115770E+00,,,-38.2657,-65.8739025192,-45.4363448276
32,81.9609999657,+1.57114160E+00,,,-38.26303,-67.9287217963,-45.4358226601
33,84.4679999352,+1.57113660E+00,,,-38.29362,-70.047754655,-45.4369852217
34,86.9739999771,+1.57116270E+00,,,-38.34263,-72.1686297919,-45.4350541872
35,89.4809999466,+1.57115520E+00,,,-38.33663,-74.3547108434,-45.4377536946
36,91.9869999886,+1.57114160E+00,,,-38.32221,-76.4788619934,-45.4321083744
37,94.4930000305,+1.57114780E+00,,,-38.33127,-78.5953066813,-45.4340295567
38,96.9990000725,+1.57114530E+00,,,-38.34264,-80.7161872946,-45.4336453202
39,99.504999876,+1.57113660E+00,,,-38.34811,-82.7722059146,-45.435182266
40,102.011999846,+1.57115770E+00,,,-38.34705,-84.8900131435,-45.4308275862
41,104.517999887,+1.57114650E+00,,,-38.37856,-87.0091730559,-45.435182266
42,107.024999857,+1.57114410E+00,,,-38.41289,-88.8741139102,-45.4317241379
43,109.530999899,+1.57115770E+00,,,-38.39486,-91.5067009858,-45.4314679803
44,112.036999941,+1.57114650E+00,,,-38.42131,-93.2440536692,-45.4350541872
45,114.54399991,+1.57114030E+00,,,-38.46178,-95.8767404162,-45.4327487685
46,117.049000025,+1.57113540E+00,,,-38.46391,-97.6097951807,-45.4339014778
47,119.556999922,+1.57115770E+00,,,-38.51921,-99.4087338445,-45.4330049261
48,122.062999964,+1.57114530E+00,,,-38.54432,-101.979202629,-45.4368571429
49,124.569000006,+1.57113290E+00,,,-38.53604,-103.773143483,-45.4313399015
50,127.073999882,+1.57114900E+00,,,-38.57131,-106.407550931,-45.4321083744
51,129.580999851,+1.57116140E+00,,,-38.59856,-108.139966046,-45.4344137931
52,132.086999893,+1.57115030E+00,,,-38.60563,-109.876243154,-45.4292906404
53,134.552000046,+1.57115770E+00,,,-38.58011,-113.231807229,-45.4312118227
54,137.019000053,+1.57114030E+00,,,-38.53457,-115.045531216,-45.4356945813
55,139.483999968,+1.57115150E+00,,,-38.58293,-117.627853231,-45.4276256158
56,141.947999954,+1.57114530E+00,,,-38.59,-119.439989047,-45.430955665
57,144.414000034,+1.57116140E+00,,,-38.54231,-122.024041621,-45.4298029557
58,146.879999876,+1.57114410E+00,,,-38.46524,-123.833570646,-45.4354384236
59,149.345000029,+1.57115150E+00,,,-38.44307,-125.645257393,-45.4285221675
60,151.809999943,+1.57115400E+00,,,-38.48502,-128.231347207,-45.4356945813
61,154.27699995,+1.57114410E+00,,,-38.50918,-130.041741512,-45.4354384236
62,156.741999865,+1.57116020E+00,,,-38.47273,-132.64388828,-45.4331330049
63,159.207999945,+1.57113790E+00,,,-38.44214,-134.449507119,-45.4326206897
64,161.672999859,+1.57115650E+00,,,-38.37123,-136.130175246,-45.4292906404
65,164.136999846,+1.57113660E+00,,,-38.31245,-138.847732749,-45.4373694581
66,166.601999998,+1.57115650E+00,,,-38.27118,-140.518849945,-45.4398029557
67,169.068000078,+1.57115150E+00,,,-38.24047,-143.236681271,-45.4376256158
68,171.53399992,+1.57114410E+00,,,-38.23431,-144.914457831,-45.4391625616
69,173.999000072,+1.57113660E+00,,,-38.21883,-146.721369113,-45.4347980296
70,176.463999987,+1.57115030E+00,,,-38.30952,-149.306746988,-45.4354384236
71,178.928999901,+1.57115400E+00,,,-38.31806,-151.113515882,-45.4385221675
72,181.394999981,+1.57115030E+00,,,-38.31138,-153.703373494,-45.4330049261
73,183.859999895,+1.57115270E+00,,,-38.29976,-155.514917853,-45.4344137931
74,186.325000048,+1.57115030E+00,,,-38.29121,-158.224786418,-45.4346699507
75,188.790999889,+1.57115650E+00,,,-38.26089,-159.901544359,-45.4374975369
76,191.256999969,+1.57114410E+00,,,-38.22176,-161.712946331,-45.4350541872
77,193.72300005,+1.57116270E+00,,,-38.19893,-164.300624315,-45.4341576355
78,196.187999964,+1.57114030E+00,,,-38.29267,-166.11694414,-45.4310837438
79,198.654000044,+1.57115890E+00,,,-38.29362,-168.700865279,-45.4341576355
80,201.118999958,+1.57113540E+00,,,-38.23378,-170.509375685,-45.4339014778
81,203.582999945,+1.57114530E+00,,,-38.17528,-172.192092004,-45.4346699507
82,206.049000025,+1.57115770E+00,,,-38.15725,-174.90354874,-45.4305714286
83,208.514999866,+1.57114780E+00,,,-38.19372,-176.71177437,-45.4327487685
84,210.980000019,+1.57116640E+00,,,-38.19304,-179.295104053,-45.4376256158
85,213.445999861,+1.57114160E+00,,,-38.16699,-181.106078861,-45.4364729064
86,215.911000013,+1.57113790E+00,,,-38.11758,-183.683756846,-45.4328768473
87,218.376999855,+1.57115770E+00,,,-38.08486,-185.494578313,-45.4366009852
88,220.842000008,+1.57114530E+00,,,-38.1113,-187.177710843,-45.4346699507
89,223.306999922,+1.57113910E+00,,,-38.10195,-189.886276013,-45.4341576355
90,225.773999929,+1.57115770E+00,,,-38.12746,-191.568400876,-45.4310837438
91,228.238999844,+1.57114900E+00,,,-38.10462,-194.279277108,-45.4341576355
92,230.703999996,+1.57113910E+00,,,-38.10355,-195.961993428,-45.4353103448
93,233.170000076,+1.57115520E+00,,,-38.09622,-197.778324206,-45.4294187192
94,235.63499999,+1.57115270E+00,,,-38.09874,-200.359627601,-45.4269852217
95,238.099999905,+1.57115770E+00,,,-38.1105,-202.175377875,-45.4310837438
96,240.565000057,+1.57115650E+00,,,-38.12453,-204.755531216,-45.4303152709
97,243.032000065,+1.57114650E+00,,,-38.08979,-206.560394304,-45.4292906404
98,245.497999907,+1.57114780E+00,,,-38.06013,-208.370930997,-45.4331330049
99,247.963000059,+1.57114650E+00,,,-38.00659,-210.955717415,-45.4292906404
100,250.427999973,+1.57115270E+00,,,-37.9971,-212.763351588,-45.4283940887
101,252.894000053,+1.57116140E+00,,,-38.03196,-215.346692223,-45.4257044335
102,255.358999968,+1.57115030E+00,,,-38.01539,-217.152880613,-45.4310837438
103,257.823999882,+1.57116140E+00,,,-38.00365,-219.74,-45.4306995074
104,260.289999962,+1.57114530E+00,,,-37.92322,-222.097349398,-45.4241674877
105,262.756000042,+1.57115400E+00,,,-37.93724,-223.899342826,-45.4287783251
106,265.220999956,+1.57113790E+00,,,-37.89236,-226.476878423,-45.4269852217
107,267.68599987,+1.57115520E+00,,,-37.84988,-228.292486309,-45.4291625616
108,270.151000023,+1.57114900E+00,,,-37.81423,-230.863066813,-45.4321083744
109,272.615999937,+1.57114650E+00,,,-37.80847,-232.666801752,-45.4331330049
110,275.082000017,+1.57114650E+00,,,-37.85724,-234.475312158,-45.4273694581
111,277.547999859,+1.57115770E+00,,,-37.87099,-237.062409639,-45.4298029557
112,280.013000011,+1.57115150E+00,,,-37.83078,-238.863099671,-45.4268571429
113,282.478999853,+1.57116020E+00,,,-37.79659,-241.44645126,-45.4287783251
114,284.944000006,+1.57114650E+00,,,-37.75612,-243.254665936,-45.4282660099
115,287.40899992,+1.57113790E+00,,,-37.76119,-245.062157722,-45.426729064
116,289.875,+1.57114900E+00,,,-37.72581,-247.631741512,-45.4303152709
117,292.339999914,+1.57115400E+00,,,-37.7421,-249.447634173,-45.4254482759
118,294.805999994,+1.57114650E+00,,,-37.75706,-252.021686747,-45.4268571429
119,297.272000074,+1.57115770E+00,,,-37.74424,-253.829036145,-45.425320197
120,299.736999989,+1.57114280E+00,,,-37.75212,-256.415268346,-45.4283940887
121,302.200999975,+1.57115150E+00,,,-37.76548,-258.230722892,-45.4277536946
122,304.667000055,+1.57116020E+00,,,-37.8034,-260.030832421,-45.4280098522
123,307.131999969,+1.57114900E+00,,,-37.86445,-262.619375685,-45.4276256158
124,309.596999884,+1.57116140E+00,,,-37.87406,-264.451905805,-45.4273694581
125,312.062999964,+1.57115520E+00,,,-37.86096,-267.032354874,-45.4221182266
