Counter,Time(s),Temperature Voltage(V),Magnet Current(A),Field Coil Current(mA),SQUID Voltage(uV),Mod Current(uA),Pickup Loop Current(uA),
0,0.00600004196167,+1.57081060E+00
,,,+7.93970000E-07,0.00634194961665,-86.8554778325
1,2.11100006104,+1.57081060E+00
,,,+8.73367000E-06,0.909625301205,-86.8536847291
2,4.02099990845,+1.57081190E+00
,,,+3.75467000E-06,1.81591708653,-86.8511231527
3,5.82399988174,+1.57081060E+00
,,,+4.32603000E-06,2.71054600219,-86.8521477833
4,7.64199995995,+1.57080940E+00
,,,+4.01436000E-06,3.61317721796,-86.8503546798
5,9.46099996567,+1.57081190E+00
,,,-5.35002000E-06,4.50985410734,-86.8518916256
6,11.2799999714,+1.57080570E+00
,,,-1.55826100E-05,5.40599342826,-86.8485615764
7,13.0959999561,+1.57080690E+00
,,,-1.59016900E-05,6.34042354874,-86.8480492611
8,14.9149999619,+1.57080570E+00
,,,-7.58353000E-06,7.23921215772,-86.8485615764
9,16.7319998741,+1.57080570E+00
,,,-2.99780000E-06,8.14284446878,-86.8483054187
10,18.5509998798,+1.57081190E+00
,,,-2.96069000E-06,9.04123285871,-86.8434384236
11,20.3699998856,+1.57081060E+00
,,,-2.40417000E-06,9.94104961665,-86.8439507389
12,22.1870000362,+1.57080690E+00
,,,+9.29019000E-06,10.8608078861,-86.843182266
13,24.006000042,+1.57080690E+00
,,,+1.81277600E-05,11.7637710843,-86.8422857143
14,25.8020000458,+1.57080690E+00
,,,+1.13604500E-05,12.6593822563,-86.8442068966
15,27.6210000515,+1.57080940E+00
,,,+4.11826000E-06,13.5552102957,-86.8421576355
16,29.4379999638,+1.57080440E+00
,,,+4.40765000E-06,14.4599375685,-86.837546798
17,31.2569999695,+1.57080940E+00
,,,+1.66214000E-06,15.3552913472,-86.8379310345
18,33.0750000477,+1.57080940E+00
,,,-1.17760100E-05,16.2515104053,-86.8348571429
19,34.8929998875,+1.57081060E+00
,,,-1.66140400E-05,17.1570591457,-86.8346009852
20,36.7100000381,+1.57080690E+00
,,,-6.65600000E-06,18.0724468784,-86.8334482759
21,38.5290000439,+1.57081060E+00
,,,-5.19420000E-07,18.9298696605,-86.8342167488
22,40.3489999771,+1.57081190E+00
,,,-4.27408000E-06,19.8566714129,-86.832679803
23,42.1659998894,+1.57080570E+00
,,,+3.09426000E-06,20.7746626506,-86.8301182266
24,43.9839999676,+1.57080940E+00
,,,+1.45289200E-05,21.6927820372,-86.8270344828
25,45.8029999733,+1.57080820E+00
,,,+1.77047900E-05,22.6106013143,-86.8260098522
26,47.6199998856,+1.57080440E+00
,,,+6.36661000E-06,23.6217064622,-86.8253694581
27,49.4400000572,+1.57080820E+00
,,,+4.02922000E-06,24.5473231106,-86.8270344828
28,51.256000042,+1.57080940E+00
,,,+5.31293000E-06,25.4520930997,-86.8221674877
29,53.0739998817,+1.57080570E+00
,,,-1.22435000E-06,26.2025268346,-86.8242167488
30,54.8919999599,+1.57080940E+00
,,,-1.37275500E-05,27.1092332968,-86.8188374384
31,56.7109999657,+1.57080570E+00
,,,-1.81500300E-05,28.0372650602,-86.8207586207
32,58.5309998989,+1.57080940E+00
,,,-6.80440000E-06,28.9643702081,-86.819862069
33,60.3480000496,+1.57080940E+00
,,,-3.40592000E-06,29.8706889376,-86.8181970443
34,62.1659998894,+1.57080320E+00
,,,-4.34087000E-06,30.7988619934,-86.8199901478
35,63.9839999676,+1.57080820E+00
,,,-1.14273000E-06,31.7236232202,-86.8183251232
36,65.8020000458,+1.57081060E+00
,,,+9.51280000E-06,32.6290021906,-86.8180689655
37,67.6199998856,+1.57081060E+00
,,,+1.71631200E-05,33.5551664841,-86.8162758621
38,69.4379999638,+1.57081310E+00
,,,+1.42617900E-05,34.4618017525,-86.8144827586
39,71.256000042,+1.57080440E+00
,,,+5.89171000E-06,35.3861117196,-86.8155073892
40,73.0739998817,+1.57080820E+00
,,,+3.12394000E-06,36.3134939759,-86.8119211823
41,74.8919999599,+1.57080940E+00
,,,+4.15536000E-06,37.0454863089,-86.8108965517
42,76.7109999657,+1.57080940E+00
,,,+1.54342000E-06,37.9525268346,-86.8089753695
43,78.5299999714,+1.57081310E+00
,,,-9.17890000E-06,38.8778061336,-86.8094876847
44,80.3480000496,+1.57080820E+00
,,,-1.67921200E-05,39.8038280394,-86.8065418719
45,82.1659998894,+1.57080200E+00
,,,-1.45882900E-05,40.7123318729,-86.8041083744
46,83.9839999676,+1.57080690E+00
,,,-6.36661000E-06,41.6387415115,-86.8002660099
47,85.8020000458,+1.57080820E+00
,,,-1.66956000E-06,42.565067908,-86.8024433498
48,87.6210000515,+1.57080690E+00
,,,-4.24440000E-06,43.4702256298,-86.8016748768
49,89.4379999638,+1.57080940E+00
,,,-3.46527000E-06,44.3962595838,-86.8012906404
50,91.256000042,+1.57080820E+00
,,,+5.78040000E-06,45.3017973713,-86.7996256158
51,93.0759999752,+1.57080690E+00
,,,+1.60352400E-05,46.5340131435,-86.8005221675
52,94.8929998875,+1.57080820E+00
,,,+1.72002200E-05,47.29083023,-86.7964236453
53,96.7130000591,+1.57080440E+00
,,,+6.45565000E-06,48.201441402,-86.8006502463
54,98.5290000439,+1.57080820E+00
,,,+3.53947000E-06,49.1137907996,-86.7948866995
55,100.34800005,+1.57080440E+00
,,,+4.75640000E-06,50.0232343921,-86.7941182266
56,102.164999962,+1.57081060E+00
,,,-1.90702000E-06,50.9759605696,-86.7939901478
57,103.98300004,+1.57081310E+00
,,,-1.34307300E-05,51.8886725082,-86.793862069
58,105.802999973,+1.57080570E+00
,,,-1.72892800E-05,52.8034786418,-86.7939901478
59,107.619999886,+1.57081060E+00
,,,-1.02177300E-05,53.7177973713,-86.7943743842
60,109.437999964,+1.57081310E+00
,,,-3.93275000E-06,54.6695235487,-86.7927093596
61,111.256999969,+1.57081190E+00
,,,-3.49496000E-06,55.5813099671,-86.7883546798
62,113.075000048,+1.57080940E+00
,,,-3.27235000E-06,56.4967568456,-86.7932216749
63,114.894000053,+1.57080440E+00
,,,+6.72278000E-06,57.4111577218,-86.7916847291
64,116.710999966,+1.57080690E+00
,,,+1.74821900E-05,58.1619419496,-86.7887389163
65,118.529999971,+1.57080570E+00
,,,+1.02770900E-05,59.0771577218,-86.7897635468
66,120.34800005,+1.57080820E+00
,,,+3.52464000E-06,59.9903778751,-86.7866896552
67,122.165999889,+1.57080570E+00
,,,+4.59316000E-06,60.941932092,-86.7852807882
68,123.98300004,+1.57080570E+00
,,,-7.95454000E-06,61.8581993428,-86.788226601
69,125.802000046,+1.57081060E+00
,,,-1.74822100E-05,62.7682365827,-86.7879704433
70,127.619999886,+1.57080570E+00
,,,-7.85066000E-06,63.6830317634,-86.7856650246
71,129.440000057,+1.57081060E+00
,,,-3.04974000E-06,64.6333263965,-86.7841280788
72,131.256999969,+1.57081060E+00
,,,-4.41507000E-06,65.5467480832,-86.781044335
73,133.075000048,+1.57080940E+00
,,,+4.28151000E-06,66.4602092004,-86.781044335
74,134.894000053,+1.57080820E+00
,,,+1.64656100E-05,67.3727787514,-86.7828374384
75,136.710999966,+1.57080820E+00
,,,+1.52190000E-05,68.1273362541,-86.7805320197
76,138.529999971,+1.57080940E+00
,,,+6.30725000E-06,69.0403964951,-86.7787389163
77,140.346999884,+1.57081060E+00
,,,+4.02921000E-06,69.9550876232,-86.7805320197
78,142.165999889,+1.57080690E+00
,,,+2.39676000E-06,70.9043702081,-86.7801477833
79,143.984999895,+1.57080940E+00
,,,+3.99954000E-06,71.818762322,-86.7802758621
80,145.802999973,+1.57080820E+00
,,,-4.63026000E-06,72.7326900329,-86.7764334975
81,147.621000051,+1.57081060E+00
,,,-1.42543800E-05,73.6429452355,-86.775408867
82,149.438999891,+1.57080570E+00
,,,-1.63988500E-05,74.5986166484,-86.7774581281
83,151.256999969,+1.57080940E+00
,,,-7.20510000E-06,75.5102168675,-86.7757931034
84,153.075999975,+1.57080570E+00
,,,-2.89391000E-06,76.4216692223,-86.7719507389
85,154.892999887,+1.57080690E+00
,,,-3.96985000E-06,77.3329507119,-86.7773300493
86,156.711999893,+1.57081060E+00
,,,-1.15015000E-06,78.2467064622,-86.7722068966
87,158.529000044,+1.57080940E+00
,,,+1.13975600E-05,79.0041555312,-86.771182266
88,160.346999884,+1.57080820E+00
,,,+1.84171500E-05,79.9150010953,-86.7692610837
89,162.165999889,+1.57080440E+00
,,,+9.26052000E-06,80.8301894852,-86.7710541872
90,163.983999968,+1.57080570E+00
,,,+3.65820000E-06,81.7814249726,-86.7713103448
91,165.802999973,+1.57080940E+00
,,,+4.83060000E-06,82.6960744797,-86.7691330049
92,167.621000051,+1.57081190E+00
,,,-2.39675000E-06,83.6064687842,-86.7695172414
93,169.438999891,+1.57080820E+00
,,,-1.57829700E-05,84.5207316539,-86.7707980296
94,171.256999969,+1.57080690E+00
,,,-1.25180200E-05,85.4740361446,-86.7681083744
95,173.075999975,+1.57081060E+00
,,,-3.15362000E-06,86.3841007667,-86.7687487685
96,174.892999887,+1.57080820E+00
,,,-4.60799000E-06,87.2995202629,-86.7656748768
97,176.710999966,+1.57080940E+00
,,,+9.69090000E-06,88.2114052574,-86.7661871921
