Counter,Time(s),Magnet Current(A),Field Coil Current(mA),SQUID Voltage(uV),
0,0.608999967575,,,-1.62426050E-02
1,1.42199993134,,,-1.62426050E-02
2,1.4279999733,,,-1.62426050E-02
3,1.43300008774,,,-1.62426050E-02
4,1.43799996376,,,-1.62426050E-02
5,1.44400000572,,,-1.62426050E-02
6,1.44899988174,,,-1.62426050E-02
7,1.45399999619,,,-1.62426050E-02
8,1.45899987221,,,-1.62426050E-02
9,1.46499991417,,,-1.62426050E-02
10,1.47000002861,,,-1.62426050E-02
11,1.47499990463,,,-1.62426050E-02
12,1.48099994659,,,-1.62426050E-02
13,1.48600006104,,,-1.62426050E-02
14,1.49099993706,,,-1.62426050E-02
15,1.4960000515,,,-1.62426050E-02
16,1.50200009346,,,-1.62426050E-02
17,1.50600004196,,,-1.62426050E-02
18,1.51200008392,,,-1.62426050E-02
19,1.51699995995,,,-1.62426050E-02
20,1.52200007439,,,-1.62426050E-02
21,1.52799987793,,,-1.62426050E-02
22,1.53200006485,,,-1.62426050E-02
23,1.53699994087,,,-1.62426050E-02
24,1.54299998283,,,-1.62426050E-02
25,1.5490000248,,,-1.62426050E-02
26,1.55399990082,,,-1.62426050E-02
27,1.55900001526,,,-1.62426050E-02
28,1.56399989128,,,-1.62426050E-02
29,1.56999993324,,,-1.62426050E-02
30,1.57500004768,,,-1.62426050E-02
31,1.57999992371,,,-1.62426050E-02
32,1.58500003815,,,-1.62426050E-02
33,1.58999991417,,,-1.62426050E-02
34,1.59500002861,,,-1.62426050E-02
35,1.59999990463,,,-1.62426050E-02
36,1.60500001907,,,-1.62426050E-02
37,1.6099998951,,,-1.62426050E-02
38,1.61599993706,,,-1.62426050E-02
39,1.6210000515,,,-1.62426050E-02
40,1.62599992752,,,-1.62426050E-02
41,1.63100004196,,,-1.62426050E-02
42,1.63599991798,,,-1.62426050E-02
43,1.64100003242,,,-1.62426050E-02
44,1.64700007439,,,-1.62426050E-02
45,1.65199995041,,,-1.62426050E-02
46,1.65700006485,,,-1.62426050E-02
47,1.66199994087,,,-1.62426050E-02
48,1.66700005531,,,-1.62426050E-02
49,1.67299985886,,,-1.62426050E-02
50,1.6779999733,,,-1.62426050E-02
51,1.68300008774,,,-1.62426050E-02
52,1.68899989128,,,-1.62426050E-02
53,1.69400000572,,,-1.62426050E-02
54,1.69899988174,,,-1.62426050E-02
55,1.70399999619,,,-1.62426050E-02
56,1.70899987221,,,-1.62426050E-02
57,1.71499991417,,,-1.62426050E-02
58,1.72000002861,,,-1.62426050E-02
59,1.72499990463,,,-1.62426050E-02
60,1.73000001907,,,-1.62426050E-02
61,1.7349998951,,,-1.62426050E-02
62,1.74000000954,,,-1.62426050E-02
63,1.74499988556,,,-1.62426050E-02
64,1.75099992752,,,-1.62426050E-02
65,1.75600004196,,,-1.62426050E-02
66,1.76099991798,,,-1.62426050E-02
67,1.76600003242,,,-1.62426050E-02
68,1.77099990845,,,-1.62426050E-02
69,1.77699995041,,,-1.62426050E-02
70,1.78200006485,,,-1.62426050E-02
71,1.78699994087,,,-1.62426050E-02
72,1.79299998283,,,-1.62426050E-02
73,1.79799985886,,,-1.62426050E-02
74,1.80399990082,,,-1.62426050E-02
75,1.80900001526,,,-1.62426050E-02
76,1.81399989128,,,-1.62426050E-02
77,1.81999993324,,,-1.62426050E-02
78,1.82500004768,,,-1.62426050E-02
79,1.82999992371,,,-1.62426050E-02
80,1.83500003815,,,-1.62426050E-02
81,1.84100008011,,,-1.62426050E-02
82,1.84599995613,,,-1.62426050E-02
83,1.85100007057,,,-1.62426050E-02
84,1.85699987411,,,-1.62426050E-02
85,1.86199998856,,,-1.62426050E-02
86,1.86699986458,,,-1.62426050E-02
87,1.87299990654,,,-1.62426050E-02
88,1.87800002098,,,-1.62426050E-02
89,1.882999897,,,-1.62426050E-02
90,1.88899993896,,,-1.62426050E-02
91,1.89499998093,,,-1.62426050E-02
92,1.89999985695,,,-1.62426050E-02
93,1.90499997139,,,-1.62426050E-02
94,1.91000008583,,,-1.62426050E-02
95,1.91599988937,,,-1.62426050E-02
96,1.92100000381,,,-1.62426050E-02
97,1.92599987984,,,-1.62426050E-02
98,1.93099999428,,,-1.62426050E-02
99,1.93700003624,,,-1.62426050E-02
100,1.94199991226,,,-1.62426050E-02
101,1.9470000267,,,-1.62426050E-02
102,1.95199990273,,,-1.62426050E-02
103,1.95700001717,,,-1.62426050E-02
104,1.96199989319,,,-1.62426050E-02
105,1.96700000763,,,-1.62426050E-02
106,1.97300004959,,,-1.62426050E-02
107,1.97799992561,,,-1.62426050E-02
108,1.98300004005,,,-1.62426050E-02
109,1.98799991608,,,-1.62426050E-02
110,1.99300003052,,,-1.62426050E-02
111,1.99900007248,,,-1.62426050E-02
112,2.0039999485,,,-1.62426050E-02
113,2.00900006294,,,-1.62426050E-02
114,2.01399993896,,,-1.62426050E-02
115,2.01900005341,,,-1.62426050E-02
116,2.02499985695,,,-1.62426050E-02
117,2.02999997139,,,-1.62426050E-02
118,2.03500008583,,,-1.62426050E-02
119,2.03999996185,,,-1.62426050E-02
120,2.04600000381,,,-1.62426050E-02
121,2.05099987984,,,-1.62426050E-02
122,2.05599999428,,,-1.62426050E-02
123,2.0609998703,,,-1.62426050E-02
124,2.06599998474,,,-1.62426050E-02
125,2.0720000267,,,-1.62426050E-02
126,2.07699990273,,,-1.62426050E-02
127,2.08200001717,,,-1.62426050E-02
128,2.08699989319,,,-1.62426050E-02
129,2.09200000763,,,-1.62426050E-02
130,2.09800004959,,,-1.62426050E-02
131,2.10299992561,,,-1.62426050E-02
132,2.10800004005,,,-1.62426050E-02
133,2.11299991608,,,-1.62426050E-02
134,2.11899995804,,,-1.62426050E-02
135,2.12400007248,,,-1.62426050E-02
136,2.1289999485,,,-1.62426050E-02
137,2.13499999046,,,-1.62426050E-02
138,2.13999986649,,,-1.62426050E-02
139,2.14499998093,,,-1.62426050E-02
140,2.15100002289,,,-1.62426050E-02
141,2.15599989891,,,-1.62426050E-02
142,2.16100001335,,,-1.62426050E-02
143,2.16700005531,,,-1.62426050E-02
144,2.17199993134,,,-1.62426050E-02
145,2.17700004578,,,-1.62426050E-02
146,2.1819999218,,,-1.62426050E-02
147,2.18700003624,,,-1.62426050E-02
148,2.1930000782,,,-1.62426050E-02
149,2.19799995422,,,-1.62426050E-02
150,2.20300006866,,,-1.62426050E-02
151,2.20799994469,,,-1.62426050E-02
152,2.21399998665,,,-1.62426050E-02
153,2.21899986267,,,-1.62426050E-02
154,2.22399997711,,,-1.62426050E-02
155,2.23000001907,,,-1.62426050E-02
156,2.2349998951,,,-1.62426050E-02
157,2.24000000954,,,-1.62426050E-02
158,2.24499988556,,,-1.62426050E-02
159,2.25099992752,,,-1.62426050E-02
160,2.25600004196,,,-1.62426050E-02
161,2.26099991798,,,-1.62426050E-02
162,2.26600003242,,,-1.62426050E-02
163,2.27099990845,,,-1.62426050E-02
164,2.27699995041,,,-1.62426050E-02
165,2.28200006485,,,-1.62426050E-02
166,2.28699994087,,,-1.62426050E-02
167,2.29200005531,,,-1.62426050E-02
168,2.29799985886,,,-1.62426050E-02
169,2.3029999733,,,-1.62426050E-02
170,2.30800008774,,,-1.62426050E-02
171,2.31399989128,,,-1.62426050E-02
172,2.31900000572,,,-1.62426050E-02
173,2.32500004768,,,-1.62426050E-02
174,2.32999992371,,,-1.62426050E-02
175,2.33500003815,,,-1.62426050E-02
176,2.33999991417,,,-1.62426050E-02
177,2.34500002861,,,-1.62426050E-02
178,2.35100007057,,,-1.62426050E-02
179,2.35599994659,,,-1.62426050E-02
180,2.36100006104,,,-1.62426050E-02
181,2.36599993706,,,-1.62426050E-02
182,2.37199997902,,,-1.62426050E-02
183,2.37700009346,,,-1.62426050E-02
184,2.38199996948,,,-1.62426050E-02
185,2.38800001144,,,-1.62426050E-02
186,2.39299988747,,,-1.62426050E-02
187,2.39800000191,,,-1.62426050E-02
188,2.40400004387,,,-1.62426050E-02
189,2.40899991989,,,-1.62426050E-02
190,2.41400003433,,,-1.62426050E-02
191,2.41899991035,,,-1.62426050E-02
192,2.4240000248,,,-1.62426050E-02
193,2.43000006676,,,-1.62426050E-02
194,2.43499994278,,,-1.62426050E-02
195,2.44000005722,,,-1.62426050E-02
196,2.44499993324,,,-1.62426050E-02
197,2.45000004768,,,-1.62426050E-02
198,2.45600008965,,,-1.62426050E-02
199,2.46099996567,,,-1.62426050E-02
200,2.46600008011,,,-1.62426050E-02
201,2.47099995613,,,-1.62426050E-02
202,2.47699999809,,,-1.62426050E-02
203,2.48199987411,,,-1.62426050E-02
204,2.48699998856,,,-1.62426050E-02
205,2.49199986458,,,-1.62426050E-02
206,2.49799990654,,,-1.62426050E-02
207,2.50300002098,,,-1.62426050E-02
208,2.507999897,,,-1.62426050E-02
209,2.51300001144,,,-1.62426050E-02
210,2.51900005341,,,-1.62426050E-02
211,2.52399992943,,,-1.62426050E-02
212,2.52900004387,,,-1.62426050E-02
213,2.53399991989,,,-1.62426050E-02
214,2.53900003433,,,-1.62426050E-02
215,2.54399991035,,,-1.62426050E-02
216,2.54999995232,,,-1.62426050E-02
217,2.55500006676,,,-1.62426050E-02
218,2.55999994278,,,-1.62426050E-02
219,2.56500005722,,,-1.62426050E-02
220,2.56999993324,,,-1.62426050E-02
221,2.5759999752,,,-1.62426050E-02
222,2.58100008965,,,-1.62426050E-02
223,2.58599996567,,,-1.62426050E-02
224,2.59100008011,,,-1.62426050E-02
225,2.59599995613,,,-1.62426050E-02
226,2.60199999809,,,-1.62426050E-02
227,2.60699987411,,,-1.62426050E-02
228,2.61199998856,,,-1.62426050E-02
229,2.61699986458,,,-1.62426050E-02
230,2.62299990654,,,-1.62426050E-02
231,2.62800002098,,,-1.62426050E-02
232,2.632999897,,,-1.62426050E-02
233,2.63800001144,,,-1.62426050E-02
234,2.64299988747,,,-1.62426050E-02
235,2.64899992943,,,-1.62426050E-02
236,2.65400004387,,,-1.62426050E-02
237,2.65899991989,,,-1.62426050E-02
238,2.66400003433,,,-1.62426050E-02
239,2.67000007629,,,-1.62426050E-02
240,2.67499995232,,,-1.62426050E-02
241,2.68000006676,,,-1.62426050E-02
242,2.68499994278,,,-1.62426050E-02
243,2.69099998474,,,-1.62426050E-02
244,2.69599986076,,,-1.62426050E-02
245,2.7009999752,,,-1.62426050E-02
246,2.70600008965,,,-1.62426050E-02
247,2.71199989319,,,-1.62426050E-02
248,2.71700000763,,,-1.62426050E-02
249,2.72199988365,,,-1.62426050E-02
250,2.72699999809,,,-1.62426050E-02
251,2.73199987411,,,-1.62426050E-02
252,2.73699998856,,,-1.62426050E-02
253,2.74300003052,,,-1.62426050E-02
254,2.74799990654,,,-1.62426050E-02
255,2.75300002098,,,-1.62426050E-02
256,2.757999897,,,-1.62426050E-02
257,2.76300001144,,,-1.62426050E-02
258,2.76900005341,,,-1.62426050E-02
259,2.77399992943,,,-1.62426050E-02
260,2.77900004387,,,-1.62426050E-02
261,2.78399991989,,,-1.62426050E-02
262,2.78900003433,,,-1.62426050E-02
263,2.79399991035,,,-1.62426050E-02
264,2.79999995232,,,-1.62426050E-02
265,2.80500006676,,,-1.62426050E-02
266,2.80999994278,,,-1.62426050E-02
267,2.81500005722,,,-1.62426050E-02
268,2.82099986076,,,-1.62426050E-02
269,2.8259999752,,,-1.62426050E-02
270,2.83100008965,,,-1.62426050E-02
271,2.83599996567,,,-1.62426050E-02
272,2.84100008011,,,-1.62426050E-02
273,2.84699988365,,,-1.62426050E-02
274,2.85199999809,,,-1.62426050E-02
275,2.85699987411,,,-1.62426050E-02
276,2.86299991608,,,-1.62426050E-02
277,2.86800003052,,,-1.62426050E-02
278,2.87299990654,,,-1.62426050E-02
279,2.87800002098,,,-1.62426050E-02
280,2.882999897,,,-1.62426050E-02
281,2.88800001144,,,-1.62426050E-02
282,2.89400005341,,,-1.62426050E-02
283,2.89899992943,,,-1.62426050E-02
284,2.90400004387,,,-1.62426050E-02
285,2.90899991989,,,-1.62426050E-02
286,2.91400003433,,,-1.62426050E-02
287,2.92000007629,,,-1.62426050E-02
288,2.92499995232,,,-1.62426050E-02
289,2.93000006676,,,-1.62426050E-02
290,2.93499994278,,,-1.62426050E-02
291,2.94000005722,,,-1.62426050E-02
292,2.94599986076,,,-1.62426050E-02
293,2.9509999752,,,-1.62426050E-02
294,2.95600008965,,,-1.62426050E-02
295,2.96199989319,,,-1.62426050E-02
296,2.96700000763,,,-1.62426050E-02
297,2.97199988365,,,-1.62426050E-02
298,2.97699999809,,,-1.62426050E-02
299,2.98199987411,,,-1.62426050E-02
300,2.98799991608,,,-1.62426050E-02
301,2.99300003052,,,-1.62426050E-02
302,2.99799990654,,,-1.62426050E-02
303,3.00300002098,,,-1.62426050E-02
304,3.007999897,,,-1.62426050E-02
305,3.01300001144,,,-1.62426050E-02
306,3.01900005341,,,-1.62426050E-02
307,3.02399992943,,,-1.62426050E-02
308,3.02900004387,,,-1.62426050E-02
309,3.03399991989,,,-1.62426050E-02
310,3.03900003433,,,-1.62426050E-02
311,3.04399991035,,,-1.62426050E-02
312,3.0490000248,,,-1.62426050E-02
313,3.05399990082,,,-1.62426050E-02
314,3.05999994278,,,-1.62426050E-02
315,3.06500005722,,,-1.62426050E-02
316,3.06999993324,,,-1.62426050E-02
317,3.07500004768,,,-1.62426050E-02
318,3.07999992371,,,-1.62426050E-02
319,3.08500003815,,,-1.62426050E-02
320,3.09100008011,,,-1.62426050E-02
321,3.09599995613,,,-1.62426050E-02
322,3.10100007057,,,-1.62426050E-02
323,3.10599994659,,,-1.62426050E-02
324,3.11199998856,,,-1.62426050E-02
325,3.11699986458,,,-1.62426050E-02
326,3.12199997902,,,-1.62426050E-02
327,3.12800002098,,,-1.62426050E-02
328,3.132999897,,,-1.62426050E-02
329,3.13800001144,,,-1.62426050E-02
330,3.14299988747,,,-1.62426050E-02
331,3.14800000191,,,-1.62426050E-02
332,3.15299987793,,,-1.62426050E-02
333,3.15899991989,,,-1.62426050E-02
334,3.16400003433,,,-1.62426050E-02
335,3.16899991035,,,-1.62426050E-02
336,3.1740000248,,,-1.62426050E-02
337,3.17899990082,,,-1.62426050E-02
338,3.18499994278,,,-1.62426050E-02
339,3.19000005722,,,-1.62426050E-02
340,3.19499993324,,,-1.62426050E-02
341,3.2009999752,,,-1.62426050E-02
342,3.20600008965,,,-1.62426050E-02
343,3.21099996567,,,-1.62426050E-02
344,3.21600008011,,,-1.62426050E-02
345,3.22099995613,,,-1.62426050E-02
346,3.22699999809,,,-1.62426050E-02
347,3.23199987411,,,-1.62426050E-02
348,3.23699998856,,,-1.62426050E-02
349,3.24300003052,,,-1.62426050E-02
350,3.24799990654,,,-1.62426050E-02
351,3.25300002098,,,-1.62426050E-02
352,3.257999897,,,-1.62426050E-02
353,3.26399993896,,,-1.62426050E-02
354,3.26900005341,,,-1.62426050E-02
355,3.27399992943,,,-1.62426050E-02
356,3.27900004387,,,-1.62426050E-02
357,3.28500008583,,,-1.62426050E-02
358,3.28999996185,,,-1.62426050E-02
359,3.29500007629,,,-1.62426050E-02
360,3.29999995232,,,-1.62426050E-02
361,3.30500006676,,,-1.62426050E-02
362,3.3109998703,,,-1.62426050E-02
363,3.31599998474,,,-1.62426050E-02
364,3.32099986076,,,-1.62426050E-02
365,3.3259999752,,,-1.62426050E-02
366,3.33100008965,,,-1.62426050E-02
367,3.33599996567,,,-1.62426050E-02
368,3.34100008011,,,-1.62426050E-02
369,3.34599995613,,,-1.62426050E-02
370,3.35100007057,,,-1.62426050E-02
371,3.35699987411,,,-1.62426050E-02
372,3.36199998856,,,-1.62426050E-02
373,3.36699986458,,,-1.62426050E-02
374,3.37299990654,,,-1.62426050E-02
375,3.37800002098,,,-1.62426050E-02
376,3.382999897,,,-1.62426050E-02
377,3.38899993896,,,-1.62426050E-02
378,3.39400005341,,,-1.62426050E-02
379,3.39899992943,,,-1.62426050E-02
380,3.40400004387,,,-1.62426050E-02
381,3.41000008583,,,-1.62426050E-02
382,3.41499996185,,,-1.62426050E-02
383,3.42000007629,,,-1.62426050E-02
384,3.42499995232,,,-1.62426050E-02
385,3.43000006676,,,-1.62426050E-02
386,3.4359998703,,,-1.62426050E-02
387,3.44099998474,,,-1.62426050E-02
388,3.44599986076,,,-1.62426050E-02
389,3.4509999752,,,-1.62426050E-02
390,3.45700001717,,,-1.62426050E-02
391,3.46199989319,,,-1.62426050E-02
392,3.46700000763,,,-1.62426050E-02
393,3.47199988365,,,-1.62426050E-02
394,3.47799992561,,,-1.62426050E-02
395,3.48300004005,,,-1.62426050E-02
396,3.48799991608,,,-1.62426050E-02
397,3.49300003052,,,-1.62426050E-02
398,3.49799990654,,,-1.62426050E-02
399,3.5039999485,,,-1.62426050E-02
400,3.50900006294,,,-1.62426050E-02
401,3.51399993896,,,-1.62426050E-02
402,3.51900005341,,,-1.62426050E-02
403,3.52399992943,,,-1.62426050E-02
404,3.52900004387,,,-1.62426050E-02
405,3.53500008583,,,-1.62426050E-02
406,3.53900003433,,,-1.62426050E-02
407,3.54500007629,,,-1.62426050E-02
408,3.54999995232,,,-1.62426050E-02
409,3.55599999428,,,-1.62426050E-02
410,3.5609998703,,,-1.62426050E-02
411,3.56599998474,,,-1.62426050E-02
412,3.57099986076,,,-1.62426050E-02
413,3.57699990273,,,-1.62426050E-02
414,3.58200001717,,,-1.62426050E-02
415,3.58699989319,,,-1.62426050E-02
416,3.59200000763,,,-1.62426050E-02
417,3.59699988365,,,-1.62426050E-02
418,3.60199999809,,,-1.62426050E-02
419,3.60699987411,,,-1.62426050E-02
420,3.61199998856,,,-1.62426050E-02
421,3.61800003052,,,-1.62426050E-02
422,3.62299990654,,,-1.62426050E-02
423,3.62800002098,,,-1.62426050E-02
424,3.63400006294,,,-1.62426050E-02
425,3.63899993896,,,-1.62426050E-02
426,3.64400005341,,,-1.62426050E-02
427,3.64999985695,,,-1.62426050E-02
428,3.65499997139,,,-1.62426050E-02
429,3.66000008583,,,-1.62426050E-02
430,3.66499996185,,,-1.62426050E-02
431,3.67000007629,,,-1.62426050E-02
432,3.67499995232,,,-1.62426050E-02
433,3.68000006676,,,-1.62426050E-02
434,3.6859998703,,,-1.62426050E-02
435,3.69099998474,,,-1.62426050E-02
436,3.69599986076,,,-1.62426050E-02
437,3.70199990273,,,-1.62426050E-02
438,3.70700001717,,,-1.62426050E-02
439,3.71199989319,,,-1.62426050E-02
440,3.71700000763,,,-1.62426050E-02
441,3.72300004959,,,-1.62426050E-02
442,3.72799992561,,,-1.62426050E-02
443,3.73300004005,,,-1.62426050E-02
444,3.73799991608,,,-1.62426050E-02
445,3.74399995804,,,-1.62426050E-02
446,3.74900007248,,,-1.62426050E-02
447,3.7539999485,,,-1.62426050E-02
448,3.75900006294,,,-1.62426050E-02
449,3.76399993896,,,-1.62426050E-02
450,3.76999998093,,,-1.62426050E-02
451,3.77499985695,,,-1.62426050E-02
452,3.77999997139,,,-1.62426050E-02
453,3.78500008583,,,-1.62426050E-02
454,3.78999996185,,,-1.62426050E-02
455,3.79600000381,,,-1.62426050E-02
456,3.80099987984,,,-1.62426050E-02
457,3.80599999428,,,-1.62426050E-02
458,3.8109998703,,,-1.62426050E-02
459,3.81699991226,,,-1.62426050E-02
460,3.8220000267,,,-1.62426050E-02
461,3.82699990273,,,-1.62426050E-02
462,3.83299994469,,,-1.62426050E-02
463,3.83800005913,,,-1.62426050E-02
464,3.84299993515,,,-1.62426050E-02
465,3.84800004959,,,-1.62426050E-02
466,3.85299992561,,,-1.62426050E-02
467,3.85800004005,,,-1.62426050E-02
468,3.86299991608,,,-1.62426050E-02
469,3.86899995804,,,-1.62426050E-02
470,3.87400007248,,,-1.62426050E-02
471,3.8789999485,,,-1.62426050E-02
472,3.88400006294,,,-1.62426050E-02
473,3.88899993896,,,-1.62426050E-02
474,3.89400005341,,,-1.62426050E-02
475,3.89999985695,,,-1.62426050E-02
476,3.90499997139,,,-1.62426050E-02
477,3.91000008583,,,-1.62426050E-02
478,3.91499996185,,,-1.62426050E-02
479,3.92100000381,,,-1.62426050E-02
480,3.92599987984,,,-1.62426050E-02
481,3.93099999428,,,-1.62426050E-02
482,3.93700003624,,,-1.62426050E-02
483,3.94199991226,,,-1.62426050E-02
484,3.9470000267,,,-1.62426050E-02
485,3.95300006866,,,-1.62426050E-02
486,3.95799994469,,,-1.62426050E-02
487,3.96300005913,,,-1.62426050E-02
488,3.96799993515,,,-1.62426050E-02
489,3.97300004959,,,-1.62426050E-02
490,3.97900009155,,,-1.62426050E-02
491,3.98399996758,,,-1.62426050E-02
492,3.98900008202,,,-1.62426050E-02
493,3.99499988556,,,-1.62426050E-02
494,4.0,,,-1.62426050E-02
495,4.00499987602,,,-1.62426050E-02
496,4.00999999046,,,-1.62426050E-02
497,4.01600003242,,,-1.62426050E-02
498,4.02099990845,,,-1.62426050E-02
499,4.02600002289,,,-1.62426050E-02
500,4.03099989891,,,-1.62426050E-02
501,4.03600001335,,,-1.62426050E-02
502,4.04099988937,,,-1.62426050E-02
503,4.04600000381,,,-1.62426050E-02
504,4.05200004578,,,-1.62426050E-02
505,4.0569999218,,,-1.62426050E-02
506,4.06200003624,,,-1.62426050E-02
507,4.0680000782,,,-1.62426050E-02
508,4.07299995422,,,-1.62426050E-02
509,4.07899999619,,,-1.62426050E-02
510,4.08399987221,,,-1.62426050E-02
511,4.08899998665,,,-1.62426050E-02
512,4.09500002861,,,-1.62426050E-02
513,4.09999990463,,,-1.62426050E-02
514,4.10500001907,,,-1.62426050E-02
515,4.1099998951,,,-1.62426050E-02
516,4.11500000954,,,-1.62426050E-02
517,4.11999988556,,,-1.62426050E-02
518,4.12599992752,,,-1.62426050E-02
519,4.13100004196,,,-1.62426050E-02
520,4.13599991798,,,-1.62426050E-02
521,4.14100003242,,,-1.62426050E-02
522,4.14599990845,,,-1.62426050E-02
523,4.15100002289,,,-1.62426050E-02
524,4.15599989891,,,-1.62426050E-02
525,4.16199994087,,,-1.62426050E-02
526,4.16700005531,,,-1.62426050E-02
527,4.17199993134,,,-1.62426050E-02
528,4.17700004578,,,-1.62426050E-02
529,4.18300008774,,,-1.62426050E-02
530,4.18799996376,,,-1.62426050E-02
531,4.1930000782,,,-1.62426050E-02
532,4.19799995422,,,-1.62426050E-02
533,4.20300006866,,,-1.62426050E-02
534,4.20899987221,,,-1.62426050E-02
535,4.21399998665,,,-1.62426050E-02
536,4.21899986267,,,-1.62426050E-02
537,4.22399997711,,,-1.62426050E-02
538,4.22900009155,,,-1.62426050E-02
539,4.23399996758,,,-1.62426050E-02
540,4.24000000954,,,-1.62426050E-02
541,4.24499988556,,,-1.62426050E-02
542,4.25099992752,,,-1.62426050E-02
543,4.25600004196,,,-1.62426050E-02
544,4.26099991798,,,-1.62426050E-02
545,4.26600003242,,,-1.62426050E-02
546,4.27099990845,,,-1.62426050E-02
547,4.27699995041,,,-1.62426050E-02
548,4.28200006485,,,-1.62426050E-02
549,4.28699994087,,,-1.62426050E-02
550,4.29299998283,,,-1.62426050E-02
551,4.29799985886,,,-1.62426050E-02
552,4.3029999733,,,-1.62426050E-02
553,4.30800008774,,,-1.62426050E-02
554,4.31399989128,,,-1.62426050E-02
555,4.31900000572,,,-1.62426050E-02
556,4.32399988174,,,-1.62426050E-02
557,4.32899999619,,,-1.62426050E-02
558,4.33500003815,,,-1.62426050E-02
559,4.33999991417,,,-1.62426050E-02
560,4.34500002861,,,-1.62426050E-02
561,4.34999990463,,,-1.62426050E-02
562,4.35500001907,,,-1.62426050E-02
563,4.36100006104,,,-1.62426050E-02
564,4.36599993706,,,-1.62426050E-02
565,4.3710000515,,,-1.62426050E-02
566,4.37700009346,,,-1.62426050E-02
567,4.38199996948,,,-1.62426050E-02
568,4.38700008392,,,-1.62426050E-02
569,4.39199995995,,,-1.62426050E-02
570,4.39700007439,,,-1.62426050E-02
571,4.40299987793,,,-1.62426050E-02
572,4.40799999237,,,-1.62426050E-02
573,4.41299986839,,,-1.62426050E-02
574,4.41799998283,,,-1.62426050E-02
575,4.4240000248,,,-1.62426050E-02
576,4.42899990082,,,-1.62426050E-02
577,4.43400001526,,,-1.62426050E-02
578,4.43899989128,,,-1.62426050E-02
579,4.44499993324,,,-1.62426050E-02
580,4.45000004768,,,-1.62426050E-02
581,4.45499992371,,,-1.62426050E-02
582,4.46000003815,,,-1.62426050E-02
583,4.46499991417,,,-1.62426050E-02
584,4.47000002861,,,-1.62426050E-02
585,4.47600007057,,,-1.62426050E-02
586,4.48099994659,,,-1.62426050E-02
587,4.48600006104,,,-1.62426050E-02
588,4.49199986458,,,-1.62426050E-02
589,4.49699997902,,,-1.62426050E-02
590,4.50200009346,,,-1.62426050E-02
591,4.50699996948,,,-1.62426050E-02
592,4.51300001144,,,-1.62426050E-02
593,4.51799988747,,,-1.62426050E-02
594,4.52300000191,,,-1.62426050E-02
595,4.52799987793,,,-1.62426050E-02
596,4.53399991989,,,-1.62426050E-02
597,4.53900003433,,,-1.62426050E-02
598,4.54399991035,,,-1.62426050E-02
599,4.54999995232,,,-1.62426050E-02
600,4.55500006676,,,-1.62426050E-02
601,4.55999994278,,,-1.62426050E-02
602,4.56500005722,,,-1.62426050E-02
603,4.56999993324,,,-1.62426050E-02
604,4.5759999752,,,-1.62426050E-02
605,4.58100008965,,,-1.62426050E-02
606,4.58599996567,,,-1.62426050E-02
607,4.59100008011,,,-1.62426050E-02
608,4.59699988365,,,-1.62426050E-02
609,4.60199999809,,,-1.62426050E-02
610,4.60699987411,,,-1.62426050E-02
611,4.61299991608,,,-1.62426050E-02
612,4.61800003052,,,-1.62426050E-02
613,4.62400007248,,,-1.62426050E-02
614,4.6289999485,,,-1.62426050E-02
615,4.63400006294,,,-1.62426050E-02
616,4.63899993896,,,-1.62426050E-02
617,4.64400005341,,,-1.62426050E-02
618,4.64999985695,,,-1.62426050E-02
619,4.65499997139,,,-1.62426050E-02
620,4.66000008583,,,-1.62426050E-02
621,4.66499996185,,,-1.62426050E-02
622,4.67000007629,,,-1.62426050E-02
623,4.67599987984,,,-1.62426050E-02
624,4.68099999428,,,-1.62426050E-02
625,4.6859998703,,,-1.62426050E-02
626,4.69099998474,,,-1.62426050E-02
627,4.69599986076,,,-1.62426050E-02
628,4.70199990273,,,-1.62426050E-02
629,4.70700001717,,,-1.62426050E-02
630,4.71199989319,,,-1.62426050E-02
631,4.71799993515,,,-1.62426050E-02
632,4.72300004959,,,-1.62426050E-02
633,4.72799992561,,,-1.62426050E-02
634,4.73300004005,,,-1.62426050E-02
635,4.73900008202,,,-1.62426050E-02
636,4.74399995804,,,-1.62426050E-02
637,4.74900007248,,,-1.62426050E-02
638,4.7539999485,,,-1.62426050E-02
639,4.75900006294,,,-1.62426050E-02
640,4.76399993896,,,-1.62426050E-02
641,4.76900005341,,,-1.62426050E-02
642,4.77499985695,,,-1.62426050E-02
643,4.77999997139,,,-1.62426050E-02
644,4.78500008583,,,-1.62426050E-02
645,4.78999996185,,,-1.62426050E-02
646,4.79500007629,,,-1.62426050E-02
647,4.79999995232,,,-1.62426050E-02
648,4.80500006676,,,-1.62426050E-02
649,4.80999994278,,,-1.62426050E-02
650,4.81500005722,,,-1.62426050E-02
651,4.81999993324,,,-1.62426050E-02
652,4.8259999752,,,-1.62426050E-02
653,4.83100008965,,,-1.62426050E-02
654,4.83599996567,,,-1.62426050E-02
655,4.84200000763,,,-1.62426050E-02
656,4.84699988365,,,-1.62426050E-02
657,4.85199999809,,,-1.62426050E-02
658,4.85800004005,,,-1.62426050E-02
659,4.86299991608,,,-1.62426050E-02
660,4.86800003052,,,-1.62426050E-02
661,4.87299990654,,,-1.62426050E-02
662,4.87800002098,,,-1.62426050E-02
663,4.882999897,,,-1.62426050E-02
664,4.88800001144,,,-1.62426050E-02
665,4.89400005341,,,-1.62426050E-02
666,4.89899992943,,,-1.62426050E-02
667,4.90400004387,,,-1.62426050E-02
668,4.90899991989,,,-1.62426050E-02
669,4.91400003433,,,-1.62426050E-02
670,4.92000007629,,,-1.62426050E-02
671,4.92499995232,,,-1.62426050E-02
672,4.93000006676,,,-1.62426050E-02
673,4.93499994278,,,-1.62426050E-02
674,4.94000005722,,,-1.62426050E-02
675,4.94599986076,,,-1.62426050E-02
676,4.9509999752,,,-1.62426050E-02
677,4.95600008965,,,-1.62426050E-02
678,4.96199989319,,,-1.62426050E-02
679,4.96700000763,,,-1.62426050E-02
680,4.97199988365,,,-1.62426050E-02
681,4.97699999809,,,-1.62426050E-02
682,4.98199987411,,,-1.62426050E-02
683,4.98699998856,,,-1.62426050E-02
684,4.99199986458,,,-1.62426050E-02
685,4.99699997902,,,-1.62426050E-02
686,5.00200009346,,,-1.62426050E-02
687,5.00699996948,,,-1.62426050E-02
688,5.01200008392,,,-1.62426050E-02
689,5.01799988747,,,-1.62426050E-02
690,5.02300000191,,,-1.62426050E-02
691,5.02900004387,,,-1.62426050E-02
692,5.03399991989,,,-1.62426050E-02
693,5.03900003433,,,-1.62426050E-02
694,5.04500007629,,,-1.62426050E-02
695,5.04999995232,,,-1.62426050E-02
696,5.05500006676,,,-1.62426050E-02
697,5.05999994278,,,-1.62426050E-02
698,5.06599998474,,,-1.62426050E-02
699,5.07099986076,,,-1.62426050E-02
700,5.0759999752,,,-1.62426050E-02
701,5.08100008965,,,-1.62426050E-02
702,5.08699989319,,,-1.62426050E-02
703,5.09200000763,,,-1.62426050E-02
704,5.09699988365,,,-1.62426050E-02
705,5.10299992561,,,-1.62426050E-02
706,5.10800004005,,,-1.62426050E-02
707,5.11299991608,,,-1.62426050E-02
708,5.11800003052,,,-1.62426050E-02
709,5.12299990654,,,-1.62426050E-02
710,5.1289999485,,,-1.62426050E-02
711,5.13400006294,,,-1.62426050E-02
712,5.13899993896,,,-1.62426050E-02
713,5.14400005341,,,-1.62426050E-02
714,5.14999985695,,,-1.62426050E-02
715,5.15499997139,,,-1.62426050E-02
716,5.16000008583,,,-1.62426050E-02
717,5.16499996185,,,-1.62426050E-02
718,5.17100000381,,,-1.62426050E-02
719,5.17599987984,,,-1.62426050E-02
720,5.18099999428,,,-1.62426050E-02
721,5.18700003624,,,-1.62426050E-02
722,5.19199991226,,,-1.62426050E-02
723,5.1970000267,,,-1.62426050E-02
724,5.20199990273,,,-1.62426050E-02
725,5.20700001717,,,-1.62426050E-02
726,5.21300005913,,,-1.62426050E-02
727,5.21799993515,,,-1.62426050E-02
728,5.22300004959,,,-1.62426050E-02
729,5.22799992561,,,-1.62426050E-02
730,5.23300004005,,,-1.62426050E-02
731,5.23900008202,,,-1.62426050E-02
732,5.24399995804,,,-1.62426050E-02
733,5.24900007248,,,-1.62426050E-02
734,5.2539999485,,,-1.62426050E-02
735,5.25999999046,,,-1.62426050E-02
736,5.26499986649,,,-1.62426050E-02
737,5.26999998093,,,-1.62426050E-02
738,5.27499985695,,,-1.62426050E-02
739,5.27999997139,,,-1.62426050E-02
740,5.28600001335,,,-1.62426050E-02
741,5.29099988937,,,-1.62426050E-02
742,5.29600000381,,,-1.62426050E-02
743,5.30200004578,,,-1.62426050E-02
744,5.3069999218,,,-1.62426050E-02
745,5.31200003624,,,-1.62426050E-02
746,5.31699991226,,,-1.62426050E-02
747,5.32299995422,,,-1.62426050E-02
748,5.32800006866,,,-1.62426050E-02
749,5.33299994469,,,-1.62426050E-02
750,5.33800005913,,,-1.62426050E-02
751,5.34299993515,,,-1.62426050E-02
752,5.34800004959,,,-1.62426050E-02
753,5.35400009155,,,-1.62426050E-02
754,5.35899996758,,,-1.62426050E-02
755,5.36400008202,,,-1.62426050E-02
756,5.36999988556,,,-1.62426050E-02
757,5.375,,,-1.62426050E-02
758,5.37999987602,,,-1.62426050E-02
759,5.38599991798,,,-1.62426050E-02
760,5.39100003242,,,-1.62426050E-02
761,5.39599990845,,,-1.62426050E-02
762,5.40100002289,,,-1.62426050E-02
763,5.40599989891,,,-1.62426050E-02
764,5.41100001335,,,-1.62426050E-02
765,5.41599988937,,,-1.62426050E-02
766,5.42100000381,,,-1.62426050E-02
767,5.42599987984,,,-1.62426050E-02
768,5.43099999428,,,-1.62426050E-02
769,5.4359998703,,,-1.62426050E-02
770,5.44199991226,,,-1.62426050E-02
771,5.4470000267,,,-1.62426050E-02
772,5.45199990273,,,-1.62426050E-02
773,5.45700001717,,,-1.62426050E-02
774,5.46199989319,,,-1.62426050E-02
775,5.46799993515,,,-1.62426050E-02
776,5.47300004959,,,-1.62426050E-02
777,5.47799992561,,,-1.62426050E-02
778,5.48300004005,,,-1.62426050E-02
779,5.48799991608,,,-1.62426050E-02
780,5.49300003052,,,-1.62426050E-02
781,5.49799990654,,,-1.62426050E-02
782,5.5039999485,,,-1.62426050E-02
783,5.50900006294,,,-1.62426050E-02
784,5.51399993896,,,-1.62426050E-02
785,5.51900005341,,,-1.62426050E-02
786,5.52499985695,,,-1.62426050E-02
787,5.52999997139,,,-1.62426050E-02
788,5.53500008583,,,-1.62426050E-02
789,5.53999996185,,,-1.62426050E-02
790,5.54500007629,,,-1.62426050E-02
791,5.55099987984,,,-1.62426050E-02
792,5.55599999428,,,-1.62426050E-02
793,5.56200003624,,,-1.62426050E-02
794,5.56699991226,,,-1.62426050E-02
795,5.5720000267,,,-1.62426050E-02
796,5.57699990273,,,-1.62426050E-02
797,5.58200001717,,,-1.62426050E-02
798,5.58800005913,,,-1.62426050E-02
799,5.59299993515,,,-1.62426050E-02
800,5.59800004959,,,-1.62426050E-02
801,5.60299992561,,,-1.62426050E-02
802,5.60800004005,,,-1.62426050E-02
803,5.61400008202,,,-1.62426050E-02
804,5.61899995804,,,-1.62426050E-02
805,5.62400007248,,,-1.62426050E-02
806,5.6289999485,,,-1.62426050E-02
807,5.63400006294,,,-1.62426050E-02
808,5.63899993896,,,-1.62426050E-02
809,5.64400005341,,,-1.62426050E-02
810,5.64899992943,,,-1.62426050E-02
811,5.65400004387,,,-1.62426050E-02
812,5.65899991989,,,-1.62426050E-02
813,5.66400003433,,,-1.62426050E-02
814,5.66899991035,,,-1.62426050E-02
815,5.6740000248,,,-1.62426050E-02
816,5.68000006676,,,-1.62426050E-02
817,5.68499994278,,,-1.62426050E-02
818,5.69000005722,,,-1.62426050E-02
819,5.69499993324,,,-1.62426050E-02
820,5.7009999752,,,-1.62426050E-02
821,5.70600008965,,,-1.62426050E-02
822,5.71099996567,,,-1.62426050E-02
823,5.71700000763,,,-1.62426050E-02
824,5.72199988365,,,-1.62426050E-02
825,5.72699999809,,,-1.62426050E-02
826,5.73199987411,,,-1.62426050E-02
827,5.73799991608,,,-1.62426050E-02
828,5.74300003052,,,-1.62426050E-02
829,5.74799990654,,,-1.62426050E-02
830,5.75300002098,,,-1.62426050E-02
831,5.757999897,,,-1.62426050E-02
832,5.76399993896,,,-1.62426050E-02
833,5.76900005341,,,-1.62426050E-02
834,5.77399992943,,,-1.62426050E-02
835,5.77999997139,,,-1.62426050E-02
836,5.78500008583,,,-1.62426050E-02
837,5.78999996185,,,-1.62426050E-02
838,5.79600000381,,,-1.62426050E-02
839,5.80099987984,,,-1.62426050E-02
840,5.80599999428,,,-1.62426050E-02
841,5.8109998703,,,-1.62426050E-02
842,5.81699991226,,,-1.62426050E-02
843,5.8220000267,,,-1.62426050E-02
844,5.82699990273,,,-1.62426050E-02
845,5.83200001717,,,-1.62426050E-02
846,5.83800005913,,,-1.62426050E-02
847,5.84299993515,,,-1.62426050E-02
848,5.84800004959,,,-1.62426050E-02
849,5.85299992561,,,-1.62426050E-02
850,5.85800004005,,,-1.62426050E-02
851,5.86400008202,,,-1.62426050E-02
852,5.86899995804,,,-1.62426050E-02
853,5.87400007248,,,-1.62426050E-02
854,5.8789999485,,,-1.62426050E-02
855,5.88400006294,,,-1.62426050E-02
856,5.88999986649,,,-1.62426050E-02
857,5.89499998093,,,-1.62426050E-02
858,5.89999985695,,,-1.62426050E-02
859,5.90499997139,,,-1.62426050E-02
860,5.91100001335,,,-1.62426050E-02
861,5.91599988937,,,-1.62426050E-02
862,5.92100000381,,,-1.62426050E-02
863,5.92700004578,,,-1.62426050E-02
864,5.9319999218,,,-1.62426050E-02
865,5.93700003624,,,-1.62426050E-02
866,5.94199991226,,,-1.62426050E-02
867,5.94799995422,,,-1.62426050E-02
868,5.95300006866,,,-1.62426050E-02
869,5.95799994469,,,-1.62426050E-02
870,5.96300005913,,,-1.62426050E-02
871,5.96799993515,,,-1.62426050E-02
872,5.97300004959,,,-1.62426050E-02
873,5.97900009155,,,-1.62426050E-02
874,5.98399996758,,,-1.62426050E-02
875,5.98900008202,,,-1.62426050E-02
876,5.99399995804,,,-1.62426050E-02
877,6.0,,,-1.62426050E-02
878,6.00499987602,,,-1.62426050E-02
879,6.00999999046,,,-1.62426050E-02
880,6.01499986649,,,-1.62426050E-02
881,6.01999998093,,,-1.62426050E-02
882,6.02600002289,,,-1.62426050E-02
883,6.03099989891,,,-1.62426050E-02
884,6.03600001335,,,-1.62426050E-02
885,6.04099988937,,,-1.62426050E-02
886,6.04600000381,,,-1.62426050E-02
887,6.05200004578,,,-1.62426050E-02
888,6.0569999218,,,-1.62426050E-02
889,6.06200003624,,,-1.62426050E-02
890,6.06699991226,,,-1.62426050E-02
891,6.0720000267,,,-1.62426050E-02
892,6.07800006866,,,-1.62426050E-02
893,6.08299994469,,,-1.62426050E-02
894,6.08800005913,,,-1.62426050E-02
895,6.09299993515,,,-1.62426050E-02
896,6.09899997711,,,-1.62426050E-02
897,6.10400009155,,,-1.62426050E-02
898,6.10899996758,,,-1.62426050E-02
899,6.11400008202,,,-1.62426050E-02
900,6.11899995804,,,-1.62426050E-02
901,6.12400007248,,,-1.62426050E-02
902,6.1289999485,,,-1.62426050E-02
903,6.13499999046,,,-1.62426050E-02
904,6.13999986649,,,-1.62426050E-02
905,6.14499998093,,,-1.62426050E-02
906,6.14999985695,,,-1.62426050E-02
907,6.15599989891,,,-1.62426050E-02
908,6.16100001335,,,-1.62426050E-02
909,6.16599988937,,,-1.62426050E-02
910,6.17100000381,,,-1.62426050E-02
911,6.17599987984,,,-1.62426050E-02
912,6.1819999218,,,-1.62426050E-02
913,6.18700003624,,,-1.62426050E-02
914,6.19199991226,,,-1.62426050E-02
915,6.19799995422,,,-1.62426050E-02
916,6.20300006866,,,-1.62426050E-02
917,6.20799994469,,,-1.62426050E-02
918,6.21300005913,,,-1.62426050E-02
919,6.21799993515,,,-1.62426050E-02
920,6.22399997711,,,-1.62426050E-02
921,6.22900009155,,,-1.62426050E-02
922,6.23399996758,,,-1.62426050E-02
923,6.23900008202,,,-1.62426050E-02
924,6.24399995804,,,-1.62426050E-02
925,6.24900007248,,,-1.62426050E-02
926,6.2539999485,,,-1.62426050E-02
927,6.25900006294,,,-1.62426050E-02
928,6.26499986649,,,-1.62426050E-02
929,6.26999998093,,,-1.62426050E-02
930,6.27499985695,,,-1.62426050E-02
931,6.27999997139,,,-1.62426050E-02
932,6.28500008583,,,-1.62426050E-02
933,6.28999996185,,,-1.62426050E-02
934,6.29600000381,,,-1.62426050E-02
935,6.30099987984,,,-1.62426050E-02
936,6.30599999428,,,-1.62426050E-02
937,6.3109998703,,,-1.62426050E-02
938,6.31699991226,,,-1.62426050E-02
939,6.3220000267,,,-1.62426050E-02
940,6.32699990273,,,-1.62426050E-02
941,6.33200001717,,,-1.62426050E-02
942,6.33800005913,,,-1.62426050E-02
943,6.34299993515,,,-1.62426050E-02
944,6.34800004959,,,-1.62426050E-02
945,6.35299992561,,,-1.62426050E-02
946,6.35800004005,,,-1.62426050E-02
947,6.36400008202,,,-1.62426050E-02
948,6.36899995804,,,-1.62426050E-02
949,6.37400007248,,,-1.62426050E-02
950,6.3789999485,,,-1.62426050E-02
951,6.38400006294,,,-1.62426050E-02
952,6.38999986649,,,-1.62426050E-02
953,6.39499998093,,,-1.62426050E-02
954,6.39999985695,,,-1.62426050E-02
955,6.40499997139,,,-1.62426050E-02
956,6.41000008583,,,-1.62426050E-02
957,6.41499996185,,,-1.62426050E-02
958,6.42100000381,,,-1.62426050E-02
959,6.42599987984,,,-1.62426050E-02
960,6.43099999428,,,-1.62426050E-02
961,6.4359998703,,,-1.62426050E-02
962,6.44099998474,,,-1.62426050E-02
963,6.4470000267,,,-1.62426050E-02
964,6.45199990273,,,-1.62426050E-02
965,6.45700001717,,,-1.62426050E-02
966,6.46199989319,,,-1.62426050E-02
967,6.46799993515,,,-1.62426050E-02
968,6.47300004959,,,-1.62426050E-02
969,6.47799992561,,,-1.62426050E-02
970,6.48300004005,,,-1.62426050E-02
971,6.48799991608,,,-1.62426050E-02
972,6.49399995804,,,-1.62426050E-02
973,6.49900007248,,,-1.62426050E-02
974,6.5039999485,,,-1.62426050E-02
975,6.50900006294,,,-1.62426050E-02
976,6.51499986649,,,-1.62426050E-02
977,6.51999998093,,,-1.62426050E-02
978,6.52499985695,,,-1.62426050E-02
979,6.52999997139,,,-1.62426050E-02
980,6.53500008583,,,-1.62426050E-02
981,6.53999996185,,,-1.62426050E-02
982,6.54600000381,,,-1.62426050E-02
983,6.55099987984,,,-1.62426050E-02
984,6.55599999428,,,-1.62426050E-02
985,6.56200003624,,,-1.62426050E-02
986,6.56699991226,,,-1.62426050E-02
987,6.5720000267,,,-1.62426050E-02
988,6.57800006866,,,-1.62426050E-02
989,6.58299994469,,,-1.62426050E-02
990,6.58800005913,,,-1.62426050E-02
991,6.59299993515,,,-1.62426050E-02
992,6.59800004959,,,-1.62426050E-02
993,6.60400009155,,,-1.62426050E-02
994,6.60899996758,,,-1.62426050E-02
995,6.61400008202,,,-1.62426050E-02
996,6.61899995804,,,-1.62426050E-02
997,6.62400007248,,,-1.62426050E-02
998,6.62999987602,,,-1.62426050E-02
999,6.63499999046,,,-1.62426050E-02
1000,6.63999986649,,,-1.62426050E-02
1001,6.64499998093,,,-1.62426050E-02
1002,6.64999985695,,,-1.62426050E-02
1003,6.65599989891,,,-1.62426050E-02
1004,6.66100001335,,,-1.62426050E-02
1005,6.66599988937,,,-1.62426050E-02
1006,6.67100000381,,,-1.62426050E-02
1007,6.67599987984,,,-1.62426050E-02
1008,6.68099999428,,,-1.62426050E-02
1009,6.68700003624,,,-1.62426050E-02
1010,6.69199991226,,,-1.62426050E-02
1011,6.6970000267,,,-1.62426050E-02
1012,6.70300006866,,,-1.62426050E-02
1013,6.70799994469,,,-1.62426050E-02
1014,6.71300005913,,,-1.62426050E-02
1015,6.71799993515,,,-1.62426050E-02
1016,6.72399997711,,,-1.62426050E-02
1017,6.72900009155,,,-1.62426050E-02
1018,6.73399996758,,,-1.62426050E-02
1019,6.74000000954,,,-1.62426050E-02
1020,6.74499988556,,,-1.62426050E-02
1021,6.75,,,-1.62426050E-02
1022,6.75499987602,,,-1.62426050E-02
1023,6.76099991798,,,-1.62426050E-02
1024,6.76600003242,,,-1.62426050E-02
1025,6.77099990845,,,-1.62426050E-02
1026,6.77600002289,,,-1.62426050E-02
1027,6.78200006485,,,-1.62426050E-02
1028,6.78699994087,,,-1.62426050E-02
1029,6.79200005531,,,-1.62426050E-02
1030,6.79699993134,,,-1.62426050E-02
1031,6.80200004578,,,-1.62426050E-02
1032,6.8069999218,,,-1.62426050E-02
1033,6.81299996376,,,-1.62426050E-02
1034,6.8180000782,,,-1.62426050E-02
1035,6.82299995422,,,-1.62426050E-02
1036,6.82800006866,,,-1.62426050E-02
1037,6.83399987221,,,-1.62426050E-02
1038,6.83899998665,,,-1.62426050E-02
1039,6.84399986267,,,-1.62426050E-02
1040,6.84899997711,,,-1.62426050E-02
1041,6.85400009155,,,-1.62426050E-02
1042,6.85899996758,,,-1.62426050E-02
1043,6.86400008202,,,-1.62426050E-02
1044,6.86999988556,,,-1.62426050E-02
1045,6.875,,,-1.62426050E-02
1046,6.87999987602,,,-1.62426050E-02
1047,6.88499999046,,,-1.62426050E-02
1048,6.88999986649,,,-1.62426050E-02
1049,6.89499998093,,,-1.62426050E-02
1050,6.89999985695,,,-1.62426050E-02
1051,6.90599989891,,,-1.62426050E-02
1052,6.91100001335,,,-1.62426050E-02
1053,6.91599988937,,,-1.62426050E-02
1054,6.92100000381,,,-1.62426050E-02
1055,6.92700004578,,,-1.62426050E-02
1056,6.9319999218,,,-1.62426050E-02
1057,6.93700003624,,,-1.62426050E-02
1058,6.9430000782,,,-1.62426050E-02
1059,6.94799995422,,,-1.62426050E-02
1060,6.95300006866,,,-1.62426050E-02
1061,6.95799994469,,,-1.62426050E-02
1062,6.96300005913,,,-1.62426050E-02
1063,6.96899986267,,,-1.62426050E-02
1064,6.97399997711,,,-1.62426050E-02
1065,6.97900009155,,,-1.62426050E-02
1066,6.98399996758,,,-1.62426050E-02
1067,6.98900008202,,,-1.62426050E-02
1068,6.99399995804,,,-1.62426050E-02
1069,6.99900007248,,,-1.62426050E-02
1070,7.00499987602,,,-1.62426050E-02
1071,7.00999999046,,,-1.62426050E-02
1072,7.01499986649,,,-1.62426050E-02
1073,7.01999998093,,,-1.62426050E-02
1074,7.02600002289,,,-1.62426050E-02
1075,7.03099989891,,,-1.62426050E-02
1076,7.03600001335,,,-1.62426050E-02
1077,7.04200005531,,,-1.62426050E-02
1078,7.04699993134,,,-1.62426050E-02
1079,7.05200004578,,,-1.62426050E-02
1080,7.0569999218,,,-1.62426050E-02
1081,7.06299996376,,,-1.62426050E-02
1082,7.0680000782,,,-1.62426050E-02
1083,7.07299995422,,,-1.62426050E-02
1084,7.07899999619,,,-1.62426050E-02
1085,7.08399987221,,,-1.62426050E-02
1086,7.08899998665,,,-1.62426050E-02
1087,7.09399986267,,,-1.62426050E-02
1088,7.09999990463,,,-1.62426050E-02
1089,7.10500001907,,,-1.62426050E-02
1090,7.1099998951,,,-1.62426050E-02
1091,7.11500000954,,,-1.62426050E-02
1092,7.11999988556,,,-1.62426050E-02
1093,7.12599992752,,,-1.62426050E-02
1094,7.13100004196,,,-1.62426050E-02
1095,7.13599991798,,,-1.62426050E-02
1096,7.14100003242,,,-1.62426050E-02
1097,7.14599990845,,,-1.62426050E-02
1098,7.15199995041,,,-1.62426050E-02
1099,7.15700006485,,,-1.62426050E-02
1100,7.16199994087,,,-1.62426050E-02
1101,7.16700005531,,,-1.62426050E-02
1102,7.17199993134,,,-1.62426050E-02
1103,7.17700004578,,,-1.62426050E-02
1104,7.1819999218,,,-1.62426050E-02
1105,7.18700003624,,,-1.62426050E-02
1106,7.19199991226,,,-1.62426050E-02
1107,7.1970000267,,,-1.62426050E-02
1108,7.20300006866,,,-1.62426050E-02
1109,7.20799994469,,,-1.62426050E-02
1110,7.21300005913,,,-1.62426050E-02
1111,7.21899986267,,,-1.62426050E-02
1112,7.22399997711,,,-1.62426050E-02
1113,7.22900009155,,,-1.62426050E-02
1114,7.23399996758,,,-1.62426050E-02
1115,7.23900008202,,,-1.62426050E-02
1116,7.24399995804,,,-1.62426050E-02
1117,7.24900007248,,,-1.62426050E-02
1118,7.25499987602,,,-1.62426050E-02
1119,7.25999999046,,,-1.62426050E-02
1120,7.26499986649,,,-1.62426050E-02
1121,7.26999998093,,,-1.62426050E-02
1122,7.27499985695,,,-1.62426050E-02
1123,7.27999997139,,,-1.62426050E-02
1124,7.28600001335,,,-1.62426050E-02
1125,7.29099988937,,,-1.62426050E-02
1126,7.29600000381,,,-1.62426050E-02
1127,7.30099987984,,,-1.62426050E-02
1128,7.3069999218,,,-1.62426050E-02
1129,7.31200003624,,,-1.62426050E-02
1130,7.31699991226,,,-1.62426050E-02
1131,7.3220000267,,,-1.62426050E-02
1132,7.32800006866,,,-1.62426050E-02
1133,7.33299994469,,,-1.62426050E-02
1134,7.33800005913,,,-1.62426050E-02
1135,7.34399986267,,,-1.62426050E-02
1136,7.34899997711,,,-1.62426050E-02
1137,7.35400009155,,,-1.62426050E-02
1138,7.35899996758,,,-1.62426050E-02
1139,7.36500000954,,,-1.62426050E-02
1140,7.36999988556,,,-1.62426050E-02
1141,7.375,,,-1.62426050E-02
1142,7.37999987602,,,-1.62426050E-02
1143,7.38499999046,,,-1.62426050E-02
1144,7.39100003242,,,-1.62426050E-02
1145,7.39599990845,,,-1.62426050E-02
1146,7.40100002289,,,-1.62426050E-02
1147,7.40599989891,,,-1.62426050E-02
1148,7.41199994087,,,-1.62426050E-02
1149,7.41700005531,,,-1.62426050E-02
1150,7.42199993134,,,-1.62426050E-02
1151,7.42700004578,,,-1.62426050E-02
1152,7.4319999218,,,-1.62426050E-02
1153,7.43799996376,,,-1.62426050E-02
1154,7.4430000782,,,-1.62426050E-02
1155,7.44799995422,,,-1.62426050E-02
1156,7.45399999619,,,-1.62426050E-02
1157,7.45899987221,,,-1.62426050E-02
1158,7.46399998665,,,-1.62426050E-02
1159,7.46899986267,,,-1.62426050E-02
1160,7.47499990463,,,-1.62426050E-02
1161,7.48000001907,,,-1.62426050E-02
1162,7.4849998951,,,-1.62426050E-02
1163,7.49000000954,,,-1.62426050E-02
1164,7.4960000515,,,-1.62426050E-02
1165,7.50099992752,,,-1.62426050E-02
1166,7.50600004196,,,-1.62426050E-02
1167,7.51200008392,,,-1.62426050E-02
1168,7.51699995995,,,-1.62426050E-02
1169,7.52200007439,,,-1.62426050E-02
1170,7.52699995041,,,-1.62426050E-02
1171,7.53299999237,,,-1.62426050E-02
1172,7.53699994087,,,-1.62426050E-02
1173,7.54299998283,,,-1.62426050E-02
1174,7.54799985886,,,-1.62426050E-02
1175,7.55399990082,,,-1.62426050E-02
1176,7.55900001526,,,-1.62426050E-02
1177,7.56399989128,,,-1.62426050E-02
1178,7.56999993324,,,-1.62426050E-02
1179,7.57500004768,,,-1.62426050E-02
1180,7.57999992371,,,-1.62426050E-02
1181,7.58500003815,,,-1.62426050E-02
1182,7.58999991417,,,-1.62426050E-02
1183,7.59599995613,,,-1.62426050E-02
1184,7.60100007057,,,-1.62426050E-02
1185,7.60599994659,,,-1.62426050E-02
1186,7.61100006104,,,-1.62426050E-02
1187,7.61599993706,,,-1.62426050E-02
1188,7.6210000515,,,-1.62426050E-02
1189,7.62700009346,,,-1.62426050E-02
1190,7.63199996948,,,-1.62426050E-02
1191,7.63700008392,,,-1.62426050E-02
1192,7.64199995995,,,-1.62426050E-02
1193,7.64700007439,,,-1.62426050E-02
1194,7.65299987793,,,-1.62426050E-02
1195,7.65799999237,,,-1.62426050E-02
1196,7.66299986839,,,-1.62426050E-02
1197,7.66799998283,,,-1.62426050E-02
1198,7.67299985886,,,-1.62426050E-02
1199,7.67899990082,,,-1.62426050E-02
1200,7.68400001526,,,-1.62426050E-02
1201,7.68899989128,,,-1.62426050E-02
1202,7.69400000572,,,-1.62426050E-02
1203,7.69899988174,,,-1.62426050E-02
1204,7.70399999619,,,-1.62426050E-02
1205,7.70899987221,,,-1.62426050E-02
1206,7.71399998665,,,-1.62426050E-02
1207,7.72000002861,,,-1.62426050E-02
1208,7.72499990463,,,-1.62426050E-02
1209,7.73000001907,,,-1.62426050E-02
1210,7.7349998951,,,-1.62426050E-02
1211,7.74099993706,,,-1.62426050E-02
1212,7.7460000515,,,-1.62426050E-02
1213,7.75099992752,,,-1.62426050E-02
1214,7.75600004196,,,-1.62426050E-02
1215,7.76200008392,,,-1.62426050E-02
1216,7.76699995995,,,-1.62426050E-02
1217,7.77200007439,,,-1.62426050E-02
1218,7.77699995041,,,-1.62426050E-02
1219,7.78200006485,,,-1.62426050E-02
1220,7.78699994087,,,-1.62426050E-02
1221,7.79200005531,,,-1.62426050E-02
1222,7.79799985886,,,-1.62426050E-02
1223,7.8029999733,,,-1.62426050E-02
1224,7.80800008774,,,-1.62426050E-02
1225,7.81299996376,,,-1.62426050E-02
1226,7.8180000782,,,-1.62426050E-02
1227,7.82299995422,,,-1.62426050E-02
1228,7.82899999619,,,-1.62426050E-02
1229,7.83399987221,,,-1.62426050E-02
1230,7.83899998665,,,-1.62426050E-02
1231,7.84399986267,,,-1.62426050E-02
1232,7.84999990463,,,-1.62426050E-02
1233,7.85500001907,,,-1.62426050E-02
1234,7.8599998951,,,-1.62426050E-02
1235,7.86500000954,,,-1.62426050E-02
1236,7.86999988556,,,-1.62426050E-02
1237,7.875,,,-1.62426050E-02
1238,7.88100004196,,,-1.62426050E-02
1239,7.88599991798,,,-1.62426050E-02
1240,7.89100003242,,,-1.62426050E-02
1241,7.89599990845,,,-1.62426050E-02
1242,7.90100002289,,,-1.62426050E-02
1243,7.90700006485,,,-1.62426050E-02
1244,7.91199994087,,,-1.62426050E-02
1245,7.91700005531,,,-1.62426050E-02
1246,7.92299985886,,,-1.62426050E-02
1247,7.9279999733,,,-1.62426050E-02
1248,7.93300008774,,,-1.62426050E-02
1249,7.93799996376,,,-1.62426050E-02
1250,7.94400000572,,,-1.62426050E-02
1251,7.94899988174,,,-1.62426050E-02
1252,7.95399999619,,,-1.62426050E-02
1253,7.95899987221,,,-1.62426050E-02
1254,7.96399998665,,,-1.62426050E-02
1255,7.97000002861,,,-1.62426050E-02
1256,7.97499990463,,,-1.62426050E-02
1257,7.98000001907,,,-1.62426050E-02
1258,7.9849998951,,,-1.62426050E-02
1259,7.99000000954,,,-1.62426050E-02
1260,7.99499988556,,,-1.62426050E-02
1261,8.00099992752,,,-1.62426050E-02
1262,8.00600004196,,,-1.62426050E-02
1263,8.01099991798,,,-1.62426050E-02
1264,8.01600003242,,,-1.62426050E-02
1265,8.02200007439,,,-1.62426050E-02
1266,8.02699995041,,,-1.62426050E-02
1267,8.03200006485,,,-1.62426050E-02
1268,8.03699994087,,,-1.62426050E-02
1269,8.04299998283,,,-1.62426050E-02
1270,8.04799985886,,,-1.62426050E-02
1271,8.0529999733,,,-1.62426050E-02
1272,8.05900001526,,,-1.62426050E-02
1273,8.06399989128,,,-1.62426050E-02
1274,8.06900000572,,,-1.62426050E-02
1275,8.07399988174,,,-1.62426050E-02
1276,8.07899999619,,,-1.62426050E-02
1277,8.08500003815,,,-1.62426050E-02
1278,8.08999991417,,,-1.62426050E-02
1279,8.09500002861,,,-1.62426050E-02
1280,8.09999990463,,,-1.62426050E-02
1281,8.10599994659,,,-1.62426050E-02
1282,8.11100006104,,,-1.62426050E-02
1283,8.11599993706,,,-1.62426050E-02
1284,8.1210000515,,,-1.62426050E-02
1285,8.12599992752,,,-1.62426050E-02
1286,8.13199996948,,,-1.62426050E-02
1287,8.13700008392,,,-1.62426050E-02
1288,8.14199995995,,,-1.62426050E-02
1289,8.14700007439,,,-1.62426050E-02
1290,8.15299987793,,,-1.62426050E-02
1291,8.15799999237,,,-1.62426050E-02
1292,8.16299986839,,,-1.62426050E-02
1293,8.16799998283,,,-1.62426050E-02
1294,8.1740000248,,,-1.62426050E-02
1295,8.17899990082,,,-1.62426050E-02
1296,8.18400001526,,,-1.62426050E-02
1297,8.18899989128,,,-1.62426050E-02
1298,8.19499993324,,,-1.62426050E-02
1299,8.20000004768,,,-1.62426050E-02
1300,8.20499992371,,,-1.62426050E-02
1301,8.21000003815,,,-1.62426050E-02
1302,8.21600008011,,,-1.62426050E-02
1303,8.22099995613,,,-1.62426050E-02
1304,8.22600007057,,,-1.62426050E-02
1305,8.23199987411,,,-1.62426050E-02
1306,8.23699998856,,,-1.62426050E-02
1307,8.24199986458,,,-1.62426050E-02
1308,8.24699997902,,,-1.62426050E-02
1309,8.25300002098,,,-1.62426050E-02
1310,8.257999897,,,-1.62426050E-02
1311,8.26300001144,,,-1.62426050E-02
1312,8.26799988747,,,-1.62426050E-02
1313,8.27300000191,,,-1.62426050E-02
1314,8.27900004387,,,-1.62426050E-02
1315,8.28399991989,,,-1.62426050E-02
1316,8.28999996185,,,-1.62426050E-02
1317,8.29500007629,,,-1.62426050E-02
1318,8.29999995232,,,-1.62426050E-02
1319,8.30500006676,,,-1.62426050E-02
1320,8.3109998703,,,-1.62426050E-02
1321,8.31599998474,,,-1.62426050E-02
1322,8.32099986076,,,-1.62426050E-02
1323,8.3259999752,,,-1.62426050E-02
1324,8.33100008965,,,-1.62426050E-02
1325,8.33599996567,,,-1.62426050E-02
1326,8.34200000763,,,-1.62426050E-02
1327,8.34699988365,,,-1.62426050E-02
1328,8.35299992561,,,-1.62426050E-02
1329,8.35800004005,,,-1.62426050E-02
1330,8.36299991608,,,-1.62426050E-02
1331,8.36800003052,,,-1.62426050E-02
1332,8.37299990654,,,-1.62426050E-02
1333,8.3789999485,,,-1.62426050E-02
1334,8.38400006294,,,-1.62426050E-02
1335,8.38899993896,,,-1.62426050E-02
1336,8.39499998093,,,-1.62426050E-02
1337,8.39999985695,,,-1.62426050E-02
1338,8.40499997139,,,-1.62426050E-02
1339,8.41000008583,,,-1.62426050E-02
1340,8.41499996185,,,-1.62426050E-02
1341,8.42100000381,,,-1.62426050E-02
1342,8.42599987984,,,-1.62426050E-02
1343,8.43099999428,,,-1.62426050E-02
1344,8.43700003624,,,-1.62426050E-02
1345,8.44199991226,,,-1.62426050E-02
1346,8.4470000267,,,-1.62426050E-02
1347,8.45199990273,,,-1.62426050E-02
1348,8.45799994469,,,-1.62426050E-02
1349,8.46300005913,,,-1.62426050E-02
1350,8.46799993515,,,-1.62426050E-02
1351,8.47300004959,,,-1.62426050E-02
1352,8.47900009155,,,-1.62426050E-02
1353,8.48399996758,,,-1.62426050E-02
1354,8.48900008202,,,-1.62426050E-02
1355,8.49399995804,,,-1.62426050E-02
1356,8.49900007248,,,-1.62426050E-02
1357,8.50499987602,,,-1.62426050E-02
1358,8.50999999046,,,-1.62426050E-02
1359,8.51499986649,,,-1.62426050E-02
1360,8.51999998093,,,-1.62426050E-02
1361,8.52600002289,,,-1.62426050E-02
1362,8.53099989891,,,-1.62426050E-02
1363,8.53600001335,,,-1.62426050E-02
1364,8.54099988937,,,-1.62426050E-02
1365,8.54600000381,,,-1.62426050E-02
1366,8.55099987984,,,-1.62426050E-02
1367,8.5569999218,,,-1.62426050E-02
1368,8.56200003624,,,-1.62426050E-02
1369,8.56699991226,,,-1.62426050E-02
1370,8.5720000267,,,-1.62426050E-02
1371,8.57699990273,,,-1.62426050E-02
1372,8.58200001717,,,-1.62426050E-02
1373,8.58800005913,,,-1.62426050E-02
1374,8.59299993515,,,-1.62426050E-02
1375,8.59899997711,,,-1.62426050E-02
1376,8.60400009155,,,-1.62426050E-02
1377,8.60899996758,,,-1.62426050E-02
1378,8.61500000954,,,-1.62426050E-02
1379,8.61999988556,,,-1.62426050E-02
1380,8.625,,,-1.62426050E-02
1381,8.63100004196,,,-1.62426050E-02
1382,8.63599991798,,,-1.62426050E-02
1383,8.64100003242,,,-1.62426050E-02
1384,8.64599990845,,,-1.62426050E-02
1385,8.65100002289,,,-1.62426050E-02
1386,8.65599989891,,,-1.62426050E-02
1387,8.66100001335,,,-1.62426050E-02
1388,8.66700005531,,,-1.62426050E-02
1389,8.67199993134,,,-1.62426050E-02
1390,8.67700004578,,,-1.62426050E-02
1391,8.6819999218,,,-1.62426050E-02
1392,8.68799996376,,,-1.62426050E-02
1393,8.6930000782,,,-1.62426050E-02
1394,8.69799995422,,,-1.62426050E-02
1395,8.70300006866,,,-1.62426050E-02
1396,8.70899987221,,,-1.62426050E-02
1397,8.71399998665,,,-1.62426050E-02
1398,8.71899986267,,,-1.62426050E-02
1399,8.72399997711,,,-1.62426050E-02
1400,8.73000001907,,,-1.62426050E-02
1401,8.73399996758,,,-1.62426050E-02
1402,8.74000000954,,,-1.62426050E-02
1403,8.74499988556,,,-1.62426050E-02
1404,8.75,,,-1.62426050E-02
1405,8.75600004196,,,-1.62426050E-02
1406,8.76099991798,,,-1.62426050E-02
1407,8.76600003242,,,-1.62426050E-02
1408,8.77099990845,,,-1.62426050E-02
1409,8.77699995041,,,-1.62426050E-02
1410,8.78200006485,,,-1.62426050E-02
1411,8.78699994087,,,-1.62426050E-02
1412,8.79200005531,,,-1.62426050E-02
1413,8.79799985886,,,-1.62426050E-02
1414,8.8029999733,,,-1.62426050E-02
1415,8.80800008774,,,-1.62426050E-02
1416,8.81299996376,,,-1.62426050E-02
1417,8.8180000782,,,-1.62426050E-02
1418,8.82299995422,,,-1.62426050E-02
1419,8.82899999619,,,-1.62426050E-02
1420,8.83399987221,,,-1.62426050E-02
1421,8.83899998665,,,-1.62426050E-02
1422,8.84399986267,,,-1.62426050E-02
1423,8.84999990463,,,-1.62426050E-02
1424,8.85500001907,,,-1.62426050E-02
1425,8.8599998951,,,-1.62426050E-02
1426,8.86500000954,,,-1.62426050E-02
1427,8.86999988556,,,-1.62426050E-02
1428,8.87599992752,,,-1.62426050E-02
1429,8.88100004196,,,-1.62426050E-02
1430,8.88599991798,,,-1.62426050E-02
1431,8.89100003242,,,-1.62426050E-02
1432,8.89599990845,,,-1.62426050E-02
1433,8.90199995041,,,-1.62426050E-02
1434,8.90700006485,,,-1.62426050E-02
1435,8.91199994087,,,-1.62426050E-02
1436,8.91799998283,,,-1.62426050E-02
1437,8.92299985886,,,-1.62426050E-02
1438,8.9279999733,,,-1.62426050E-02
1439,8.93300008774,,,-1.62426050E-02
1440,8.93899989128,,,-1.62426050E-02
1441,8.94400000572,,,-1.62426050E-02
1442,8.94899988174,,,-1.62426050E-02
1443,8.95399999619,,,-1.62426050E-02
1444,8.95899987221,,,-1.62426050E-02
1445,8.96499991417,,,-1.62426050E-02
1446,8.97000002861,,,-1.62426050E-02
1447,8.97499990463,,,-1.62426050E-02
1448,8.98000001907,,,-1.62426050E-02
1449,8.9849998951,,,-1.62426050E-02
1450,8.99000000954,,,-1.62426050E-02
1451,8.9960000515,,,-1.62426050E-02
1452,9.00099992752,,,-1.62426050E-02
1453,9.00600004196,,,-1.62426050E-02
1454,9.01099991798,,,-1.62426050E-02
1455,9.01600003242,,,-1.62426050E-02
1456,9.02200007439,,,-1.62426050E-02
1457,9.02699995041,,,-1.62426050E-02
1458,9.03200006485,,,-1.62426050E-02
1459,9.03799986839,,,-1.62426050E-02
1460,9.04299998283,,,-1.62426050E-02
1461,9.04799985886,,,-1.62426050E-02
1462,9.0529999733,,,-1.62426050E-02
1463,9.05800008774,,,-1.62426050E-02
1464,9.06399989128,,,-1.62426050E-02
1465,9.06900000572,,,-1.62426050E-02
1466,9.07399988174,,,-1.62426050E-02
1467,9.07899999619,,,-1.62426050E-02
1468,9.08500003815,,,-1.62426050E-02
1469,9.08999991417,,,-1.62426050E-02
1470,9.09500002861,,,-1.62426050E-02
1471,9.09999990463,,,-1.62426050E-02
1472,9.10500001907,,,-1.62426050E-02
1473,9.11100006104,,,-1.62426050E-02
1474,9.11599993706,,,-1.62426050E-02
1475,9.1210000515,,,-1.62426050E-02
1476,9.12599992752,,,-1.62426050E-02
1477,9.13199996948,,,-1.62426050E-02
1478,9.13700008392,,,-1.62426050E-02
1479,9.14199995995,,,-1.62426050E-02
1480,9.14700007439,,,-1.62426050E-02
1481,9.15299987793,,,-1.62426050E-02
1482,9.15799999237,,,-1.62426050E-02
1483,9.16299986839,,,-1.62426050E-02
1484,9.16799998283,,,-1.62426050E-02
1485,9.17299985886,,,-1.62426050E-02
1486,9.1779999733,,,-1.62426050E-02
1487,9.18400001526,,,-1.62426050E-02
1488,9.18899989128,,,-1.62426050E-02
1489,9.19400000572,,,-1.62426050E-02
1490,9.19899988174,,,-1.62426050E-02
1491,9.20399999619,,,-1.62426050E-02
1492,9.20899987221,,,-1.62426050E-02
1493,9.21499991417,,,-1.62426050E-02
1494,9.22000002861,,,-1.62426050E-02
1495,9.22499990463,,,-1.62426050E-02
1496,9.23000001907,,,-1.62426050E-02
1497,9.2349998951,,,-1.62426050E-02
1498,9.24099993706,,,-1.62426050E-02
1499,9.2460000515,,,-1.62426050E-02
1500,9.25099992752,,,-1.62426050E-02
1501,9.25600004196,,,-1.62426050E-02
1502,9.26200008392,,,-1.62426050E-02
1503,9.26699995995,,,-1.62426050E-02
1504,9.27200007439,,,-1.62426050E-02
1505,9.27699995041,,,-1.62426050E-02
1506,9.28200006485,,,-1.62426050E-02
1507,9.28799986839,,,-1.62426050E-02
1508,9.29299998283,,,-1.62426050E-02
1509,9.29799985886,,,-1.62426050E-02
1510,9.3029999733,,,-1.62426050E-02
1511,9.30900001526,,,-1.62426050E-02
1512,9.31399989128,,,-1.62426050E-02
1513,9.31900000572,,,-1.62426050E-02
1514,9.32399988174,,,-1.62426050E-02
1515,9.32899999619,,,-1.62426050E-02
1516,9.33399987221,,,-1.62426050E-02
1517,9.33899998665,,,-1.62426050E-02
1518,9.34500002861,,,-1.62426050E-02
1519,9.34999990463,,,-1.62426050E-02
1520,9.35500001907,,,-1.62426050E-02
1521,9.3599998951,,,-1.62426050E-02
1522,9.36500000954,,,-1.62426050E-02
1523,9.36999988556,,,-1.62426050E-02
1524,9.37599992752,,,-1.62426050E-02
1525,9.38100004196,,,-1.62426050E-02
1526,9.38599991798,,,-1.62426050E-02
1527,9.39100003242,,,-1.62426050E-02
1528,9.39599990845,,,-1.62426050E-02
1529,9.40199995041,,,-1.62426050E-02
1530,9.40700006485,,,-1.62426050E-02
1531,9.41199994087,,,-1.62426050E-02
1532,9.41700005531,,,-1.62426050E-02
1533,9.42299985886,,,-1.62426050E-02
1534,9.4279999733,,,-1.62426050E-02
1535,9.43300008774,,,-1.62426050E-02
1536,9.43799996376,,,-1.62426050E-02
1537,9.4430000782,,,-1.62426050E-02
1538,9.44899988174,,,-1.62426050E-02
1539,9.45399999619,,,-1.62426050E-02
1540,9.45899987221,,,-1.62426050E-02
1541,9.46399998665,,,-1.62426050E-02
1542,9.47000002861,,,-1.62426050E-02
1543,9.47499990463,,,-1.62426050E-02
1544,9.48000001907,,,-1.62426050E-02
1545,9.4849998951,,,-1.62426050E-02
1546,9.49099993706,,,-1.62426050E-02
1547,9.4960000515,,,-1.62426050E-02
1548,9.50099992752,,,-1.62426050E-02
1549,9.50600004196,,,-1.62426050E-02
1550,9.51200008392,,,-1.62426050E-02
1551,9.51699995995,,,-1.62426050E-02
1552,9.52200007439,,,-1.62426050E-02
1553,9.52699995041,,,-1.62426050E-02
1554,9.53200006485,,,-1.62426050E-02
1555,9.53699994087,,,-1.62426050E-02
1556,9.54200005531,,,-1.62426050E-02
1557,9.54699993134,,,-1.62426050E-02
1558,9.55200004578,,,-1.62426050E-02
1559,9.5569999218,,,-1.62426050E-02
1560,9.56200003624,,,-1.62426050E-02
1561,9.56699991226,,,-1.62426050E-02
1562,9.5720000267,,,-1.62426050E-02
1563,9.57800006866,,,-1.62426050E-02
1564,9.58299994469,,,-1.62426050E-02
1565,9.58899998665,,,-1.62426050E-02
1566,9.59399986267,,,-1.62426050E-02
1567,9.59899997711,,,-1.62426050E-02
1568,9.60500001907,,,-1.62426050E-02
1569,9.6099998951,,,-1.62426050E-02
1570,9.61500000954,,,-1.62426050E-02
1571,9.61999988556,,,-1.62426050E-02
1572,9.62599992752,,,-1.62426050E-02
1573,9.63100004196,,,-1.62426050E-02
1574,9.63599991798,,,-1.62426050E-02
1575,9.64100003242,,,-1.62426050E-02
1576,9.64599990845,,,-1.62426050E-02
1577,9.65100002289,,,-1.62426050E-02
1578,9.65599989891,,,-1.62426050E-02
1579,9.66199994087,,,-1.62426050E-02
1580,9.66700005531,,,-1.62426050E-02
1581,9.67199993134,,,-1.62426050E-02
1582,9.67700004578,,,-1.62426050E-02
1583,9.68300008774,,,-1.62426050E-02
1584,9.68799996376,,,-1.62426050E-02
1585,9.6930000782,,,-1.62426050E-02
1586,9.69799995422,,,-1.62426050E-02
1587,9.70300006866,,,-1.62426050E-02
1588,9.70899987221,,,-1.62426050E-02
1589,9.71399998665,,,-1.62426050E-02
1590,9.71899986267,,,-1.62426050E-02
1591,9.72499990463,,,-1.62426050E-02
1592,9.73000001907,,,-1.62426050E-02
1593,9.7349998951,,,-1.62426050E-02
1594,9.74000000954,,,-1.62426050E-02
1595,9.7460000515,,,-1.62426050E-02
1596,9.75099992752,,,-1.62426050E-02
1597,9.75600004196,,,-1.62426050E-02
1598,9.76099991798,,,-1.62426050E-02
1599,9.76600003242,,,-1.62426050E-02
1600,9.77200007439,,,-1.62426050E-02
1601,9.77699995041,,,-1.62426050E-02
1602,9.78200006485,,,-1.62426050E-02
1603,9.78799986839,,,-1.62426050E-02
1604,9.79299998283,,,-1.62426050E-02
1605,9.79799985886,,,-1.62426050E-02
1606,9.8029999733,,,-1.62426050E-02
1607,9.80900001526,,,-1.62426050E-02
1608,9.81399989128,,,-1.62426050E-02
1609,9.81900000572,,,-1.62426050E-02
1610,9.82399988174,,,-1.62426050E-02
1611,9.82899999619,,,-1.62426050E-02
1612,9.83500003815,,,-1.62426050E-02
1613,9.83999991417,,,-1.62426050E-02
1614,9.84500002861,,,-1.62426050E-02
1615,9.84999990463,,,-1.62426050E-02
1616,9.85500001907,,,-1.62426050E-02
1617,9.86100006104,,,-1.62426050E-02
1618,9.86599993706,,,-1.62426050E-02
1619,9.8710000515,,,-1.62426050E-02
1620,9.87599992752,,,-1.62426050E-02
1621,9.88100004196,,,-1.62426050E-02
1622,9.88599991798,,,-1.62426050E-02
1623,9.89100003242,,,-1.62426050E-02
1624,9.89700007439,,,-1.62426050E-02
1625,9.90199995041,,,-1.62426050E-02
1626,9.90700006485,,,-1.62426050E-02
1627,9.91199994087,,,-1.62426050E-02
1628,9.91799998283,,,-1.62426050E-02
1629,9.92299985886,,,-1.62426050E-02
1630,9.9279999733,,,-1.62426050E-02
1631,9.93300008774,,,-1.62426050E-02
1632,9.93899989128,,,-1.62426050E-02
1633,9.94400000572,,,-1.62426050E-02
1634,9.94899988174,,,-1.62426050E-02
1635,9.95399999619,,,-1.62426050E-02
1636,9.96000003815,,,-1.62426050E-02
1637,9.96499991417,,,-1.62426050E-02
1638,9.97000002861,,,-1.62426050E-02
1639,9.97499990463,,,-1.62426050E-02
1640,9.98099994659,,,-1.62426050E-02
1641,9.98600006104,,,-1.62426050E-02
1642,9.99099993706,,,-1.62426050E-02
1643,9.9960000515,,,-1.62426050E-02
1644,10.0009999275,,,-1.62426050E-02
1645,10.0069999695,,,-1.62426050E-02
1646,10.0120000839,,,-1.62426050E-02
1647,10.0169999599,,,-1.62426050E-02
1648,10.0220000744,,,-1.62426050E-02
1649,10.0279998779,,,-1.62426050E-02
1650,10.0329999924,,,-1.62426050E-02
1651,10.0379998684,,,-1.62426050E-02
1652,10.0429999828,,,-1.62426050E-02
1653,10.0479998589,,,-1.62426050E-02
1654,10.0539999008,,,-1.62426050E-02
1655,10.0590000153,,,-1.62426050E-02
1656,10.0639998913,,,-1.62426050E-02
1657,10.0690000057,,,-1.62426050E-02
1658,10.0739998817,,,-1.62426050E-02
1659,10.0799999237,,,-1.62426050E-02
1660,10.0850000381,,,-1.62426050E-02
1661,10.0899999142,,,-1.62426050E-02
1662,10.0950000286,,,-1.62426050E-02
1663,10.1010000706,,,-1.62426050E-02
1664,10.1059999466,,,-1.62426050E-02
1665,10.111000061,,,-1.62426050E-02
1666,10.1159999371,,,-1.62426050E-02
1667,10.1210000515,,,-1.62426050E-02
1668,10.1270000935,,,-1.62426050E-02
1669,10.1319999695,,,-1.62426050E-02
1670,10.1370000839,,,-1.62426050E-02
1671,10.1419999599,,,-1.62426050E-02
1672,10.1470000744,,,-1.62426050E-02
1673,10.1519999504,,,-1.62426050E-02
1674,10.1570000648,,,-1.62426050E-02
1675,10.1619999409,,,-1.62426050E-02
1676,10.1670000553,,,-1.62426050E-02
1677,10.1719999313,,,-1.62426050E-02
1678,10.1770000458,,,-1.62426050E-02
1679,10.1830000877,,,-1.62426050E-02
1680,10.1879999638,,,-1.62426050E-02
1681,10.1930000782,,,-1.62426050E-02
1682,10.1989998817,,,-1.62426050E-02
1683,10.2039999962,,,-1.62426050E-02
1684,10.2089998722,,,-1.62426050E-02
1685,10.2139999866,,,-1.62426050E-02
1686,10.2200000286,,,-1.62426050E-02
1687,10.2249999046,,,-1.62426050E-02
1688,10.2300000191,,,-1.62426050E-02
1689,10.236000061,,,-1.62426050E-02
1690,10.2409999371,,,-1.62426050E-02
1691,10.2460000515,,,-1.62426050E-02
1692,10.2509999275,,,-1.62426050E-02
1693,10.2569999695,,,-1.62426050E-02
1694,10.2620000839,,,-1.62426050E-02
1695,10.2669999599,,,-1.62426050E-02
1696,10.2720000744,,,-1.62426050E-02
1697,10.2779998779,,,-1.62426050E-02
1698,10.2829999924,,,-1.62426050E-02
1699,10.2879998684,,,-1.62426050E-02
1700,10.2929999828,,,-1.62426050E-02
1701,10.2990000248,,,-1.62426050E-02
1702,10.3039999008,,,-1.62426050E-02
1703,10.3090000153,,,-1.62426050E-02
1704,10.3139998913,,,-1.62426050E-02
1705,10.3190000057,,,-1.62426050E-02
1706,10.3239998817,,,-1.62426050E-02
1707,10.3299999237,,,-1.62426050E-02
1708,10.3350000381,,,-1.62426050E-02
1709,10.3399999142,,,-1.62426050E-02
1710,10.3450000286,,,-1.62426050E-02
1711,10.3510000706,,,-1.62426050E-02
1712,10.3559999466,,,-1.62426050E-02
1713,10.361000061,,,-1.62426050E-02
1714,10.3659999371,,,-1.62426050E-02
1715,10.371999979,,,-1.62426050E-02
1716,10.3770000935,,,-1.62426050E-02
1717,10.3819999695,,,-1.62426050E-02
1718,10.3870000839,,,-1.62426050E-02
1719,10.3919999599,,,-1.62426050E-02
1720,10.3980000019,,,-1.62426050E-02
1721,10.4029998779,,,-1.62426050E-02
1722,10.4079999924,,,-1.62426050E-02
1723,10.4129998684,,,-1.62426050E-02
1724,10.4189999104,,,-1.62426050E-02
1725,10.4240000248,,,-1.62426050E-02
1726,10.4289999008,,,-1.62426050E-02
1727,10.4340000153,,,-1.62426050E-02
1728,10.4400000572,,,-1.62426050E-02
1729,10.4449999332,,,-1.62426050E-02
1730,10.4509999752,,,-1.62426050E-02
1731,10.4560000896,,,-1.62426050E-02
1732,10.4609999657,,,-1.62426050E-02
1733,10.4670000076,,,-1.62426050E-02
1734,10.4719998837,,,-1.62426050E-02
1735,10.4769999981,,,-1.62426050E-02
1736,10.4819998741,,,-1.62426050E-02
1737,10.4879999161,,,-1.62426050E-02
1738,10.4930000305,,,-1.62426050E-02
1739,10.4979999065,,,-1.62426050E-02
1740,10.503000021,,,-1.62426050E-02
1741,10.5090000629,,,-1.62426050E-02
1742,10.513999939,,,-1.62426050E-02
1743,10.5190000534,,,-1.62426050E-02
1744,10.5239999294,,,-1.62426050E-02
1745,10.5299999714,,,-1.62426050E-02
1746,10.5350000858,,,-1.62426050E-02
1747,10.5390000343,,,-1.62426050E-02
1748,10.5450000763,,,-1.62426050E-02
1749,10.5499999523,,,-1.62426050E-02
1750,10.5550000668,,,-1.62426050E-02
1751,10.5609998703,,,-1.62426050E-02
1752,10.5659999847,,,-1.62426050E-02
1753,10.5709998608,,,-1.62426050E-02
1754,10.5769999027,,,-1.62426050E-02
1755,10.5820000172,,,-1.62426050E-02
1756,10.5869998932,,,-1.62426050E-02
1757,10.5920000076,,,-1.62426050E-02
1758,10.5969998837,,,-1.62426050E-02
1759,10.6029999256,,,-1.62426050E-02
1760,10.6080000401,,,-1.62426050E-02
1761,10.6129999161,,,-1.62426050E-02
1762,10.6180000305,,,-1.62426050E-02
1763,10.6240000725,,,-1.62426050E-02
1764,10.6289999485,,,-1.62426050E-02
1765,10.6340000629,,,-1.62426050E-02
1766,10.638999939,,,-1.62426050E-02
1767,10.6440000534,,,-1.62426050E-02
1768,10.6499998569,,,-1.62426050E-02
1769,10.6549999714,,,-1.62426050E-02
1770,10.6600000858,,,-1.62426050E-02
1771,10.6659998894,,,-1.62426050E-02
1772,10.6710000038,,,-1.62426050E-02
1773,10.6759998798,,,-1.62426050E-02
1774,10.6809999943,,,-1.62426050E-02
1775,10.6870000362,,,-1.62426050E-02
1776,10.6919999123,,,-1.62426050E-02
1777,10.6970000267,,,-1.62426050E-02
1778,10.7019999027,,,-1.62426050E-02
1779,10.7070000172,,,-1.62426050E-02
1780,10.7130000591,,,-1.62426050E-02
1781,10.7179999352,,,-1.62426050E-02
1782,10.7239999771,,,-1.62426050E-02
1783,10.7290000916,,,-1.62426050E-02
1784,10.7349998951,,,-1.62426050E-02
1785,10.7400000095,,,-1.62426050E-02
1786,10.7449998856,,,-1.62426050E-02
1787,10.75,,,-1.62426050E-02
1788,10.754999876,,,-1.62426050E-02
1789,10.7599999905,,,-1.62426050E-02
1790,10.7649998665,,,-1.62426050E-02
1791,10.7699999809,,,-1.62426050E-02
1792,10.7760000229,,,-1.62426050E-02
1793,10.7809998989,,,-1.62426050E-02
1794,10.7860000134,,,-1.62426050E-02
1795,10.7909998894,,,-1.62426050E-02
1796,10.7969999313,,,-1.62426050E-02
1797,10.8020000458,,,-1.62426050E-02
1798,10.8069999218,,,-1.62426050E-02
1799,10.8120000362,,,-1.62426050E-02
1800,10.8180000782,,,-1.62426050E-02
1801,10.8229999542,,,-1.62426050E-02
1802,10.8280000687,,,-1.62426050E-02
1803,10.8329999447,,,-1.62426050E-02
1804,10.8389999866,,,-1.62426050E-02
1805,10.8439998627,,,-1.62426050E-02
1806,10.8489999771,,,-1.62426050E-02
1807,10.8540000916,,,-1.62426050E-02
1808,10.8599998951,,,-1.62426050E-02
1809,10.8650000095,,,-1.62426050E-02
1810,10.8699998856,,,-1.62426050E-02
1811,10.875,,,-1.62426050E-02
1812,10.879999876,,,-1.62426050E-02
1813,10.885999918,,,-1.62426050E-02
1814,10.8910000324,,,-1.62426050E-02
1815,10.8959999084,,,-1.62426050E-02
1816,10.9010000229,,,-1.62426050E-02
1817,10.9059998989,,,-1.62426050E-02
1818,10.9110000134,,,-1.62426050E-02
1819,10.9170000553,,,-1.62426050E-02
1820,10.9210000038,,,-1.62426050E-02
1821,10.9270000458,,,-1.62426050E-02
1822,10.9319999218,,,-1.62426050E-02
1823,10.9370000362,,,-1.62426050E-02
1824,10.9419999123,,,-1.62426050E-02
1825,10.9470000267,,,-1.62426050E-02
1826,10.9519999027,,,-1.62426050E-02
1827,10.9570000172,,,-1.62426050E-02
1828,10.9619998932,,,-1.62426050E-02
1829,10.9679999352,,,-1.62426050E-02
1830,10.9730000496,,,-1.62426050E-02
1831,10.9779999256,,,-1.62426050E-02
1832,10.9839999676,,,-1.62426050E-02
1833,10.989000082,,,-1.62426050E-02
1834,10.993999958,,,-1.62426050E-02
1835,10.9990000725,,,-1.62426050E-02
1836,11.0039999485,,,-1.62426050E-02
1837,11.0099999905,,,-1.62426050E-02
1838,11.0149998665,,,-1.62426050E-02
1839,11.0199999809,,,-1.62426050E-02
1840,11.0260000229,,,-1.62426050E-02
1841,11.0309998989,,,-1.62426050E-02
1842,11.0360000134,,,-1.62426050E-02
1843,11.0409998894,,,-1.62426050E-02
1844,11.0460000038,,,-1.62426050E-02
1845,11.0520000458,,,-1.62426050E-02
1846,11.0569999218,,,-1.62426050E-02
1847,11.0629999638,,,-1.62426050E-02
1848,11.0680000782,,,-1.62426050E-02
1849,11.0729999542,,,-1.62426050E-02
1850,11.0789999962,,,-1.62426050E-02
1851,11.0839998722,,,-1.62426050E-02
1852,11.0889999866,,,-1.62426050E-02
1853,11.0939998627,,,-1.62426050E-02
1854,11.0989999771,,,-1.62426050E-02
1855,11.1050000191,,,-1.62426050E-02
1856,11.1099998951,,,-1.62426050E-02
1857,11.1150000095,,,-1.62426050E-02
1858,11.1199998856,,,-1.62426050E-02
1859,11.1259999275,,,-1.62426050E-02
1860,11.131000042,,,-1.62426050E-02
1861,11.135999918,,,-1.62426050E-02
1862,11.1410000324,,,-1.62426050E-02
1863,11.1459999084,,,-1.62426050E-02
1864,11.1519999504,,,-1.62426050E-02
1865,11.1570000648,,,-1.62426050E-02
1866,11.1619999409,,,-1.62426050E-02
1867,11.1670000553,,,-1.62426050E-02
1868,11.1729998589,,,-1.62426050E-02
1869,11.1779999733,,,-1.62426050E-02
1870,11.1830000877,,,-1.62426050E-02
1871,11.1879999638,,,-1.62426050E-02
1872,11.1930000782,,,-1.62426050E-02
1873,11.1979999542,,,-1.62426050E-02
1874,11.2030000687,,,-1.62426050E-02
1875,11.2089998722,,,-1.62426050E-02
1876,11.2139999866,,,-1.62426050E-02
1877,11.2189998627,,,-1.62426050E-02
1878,11.2249999046,,,-1.62426050E-02
1879,11.2300000191,,,-1.62426050E-02
1880,11.2349998951,,,-1.62426050E-02
1881,11.2400000095,,,-1.62426050E-02
1882,11.2460000515,,,-1.62426050E-02
1883,11.2509999275,,,-1.62426050E-02
1884,11.256000042,,,-1.62426050E-02
1885,11.2620000839,,,-1.62426050E-02
1886,11.2669999599,,,-1.62426050E-02
1887,11.2720000744,,,-1.62426050E-02
1888,11.2769999504,,,-1.62426050E-02
1889,11.2829999924,,,-1.62426050E-02
1890,11.2879998684,,,-1.62426050E-02
1891,11.2929999828,,,-1.62426050E-02
1892,11.2979998589,,,-1.62426050E-02
1893,11.3029999733,,,-1.62426050E-02
1894,11.3090000153,,,-1.62426050E-02
1895,11.3139998913,,,-1.62426050E-02
1896,11.3190000057,,,-1.62426050E-02
1897,11.3250000477,,,-1.62426050E-02
1898,11.3299999237,,,-1.62426050E-02
1899,11.3350000381,,,-1.62426050E-02
1900,11.3399999142,,,-1.62426050E-02
1901,11.3459999561,,,-1.62426050E-02
1902,11.3510000706,,,-1.62426050E-02
1903,11.3559999466,,,-1.62426050E-02
1904,11.361000061,,,-1.62426050E-02
1905,11.3669998646,,,-1.62426050E-02
1906,11.371999979,,,-1.62426050E-02
1907,11.3770000935,,,-1.62426050E-02
1908,11.3819999695,,,-1.62426050E-02
1909,11.3870000839,,,-1.62426050E-02
1910,11.3919999599,,,-1.62426050E-02
1911,11.3980000019,,,-1.62426050E-02
1912,11.4029998779,,,-1.62426050E-02
1913,11.4079999924,,,-1.62426050E-02
1914,11.4129998684,,,-1.62426050E-02
1915,11.4189999104,,,-1.62426050E-02
1916,11.4240000248,,,-1.62426050E-02
1917,11.4289999008,,,-1.62426050E-02
1918,11.4349999428,,,-1.62426050E-02
1919,11.4400000572,,,-1.62426050E-02
1920,11.4449999332,,,-1.62426050E-02
1921,11.4509999752,,,-1.62426050E-02
1922,11.4560000896,,,-1.62426050E-02
1923,11.4609999657,,,-1.62426050E-02
1924,11.4660000801,,,-1.62426050E-02
1925,11.4709999561,,,-1.62426050E-02
1926,11.4760000706,,,-1.62426050E-02
1927,11.4819998741,,,-1.62426050E-02
1928,11.4869999886,,,-1.62426050E-02
1929,11.4919998646,,,-1.62426050E-02
1930,11.496999979,,,-1.62426050E-02
1931,11.503000021,,,-1.62426050E-02
1932,11.507999897,,,-1.62426050E-02
1933,11.5130000114,,,-1.62426050E-02
1934,11.5179998875,,,-1.62426050E-02
1935,11.5230000019,,,-1.62426050E-02
1936,11.5290000439,,,-1.62426050E-02
1937,11.5339999199,,,-1.62426050E-02
1938,11.5390000343,,,-1.62426050E-02
1939,11.5439999104,,,-1.62426050E-02
1940,11.5499999523,,,-1.62426050E-02
1941,11.5550000668,,,-1.62426050E-02
1942,11.5599999428,,,-1.62426050E-02
1943,11.5650000572,,,-1.62426050E-02
1944,11.5709998608,,,-1.62426050E-02
1945,11.5759999752,,,-1.62426050E-02
1946,11.5810000896,,,-1.62426050E-02
1947,11.5869998932,,,-1.62426050E-02
1948,11.5920000076,,,-1.62426050E-02
1949,11.5969998837,,,-1.62426050E-02
1950,11.6019999981,,,-1.62426050E-02
1951,11.6080000401,,,-1.62426050E-02
1952,11.6129999161,,,-1.62426050E-02
1953,11.6180000305,,,-1.62426050E-02
1954,11.6229999065,,,-1.62426050E-02
1955,11.6289999485,,,-1.62426050E-02
1956,11.6340000629,,,-1.62426050E-02
1957,11.638999939,,,-1.62426050E-02
1958,11.6440000534,,,-1.62426050E-02
1959,11.6489999294,,,-1.62426050E-02
1960,11.6549999714,,,-1.62426050E-02
1961,11.6600000858,,,-1.62426050E-02
1962,11.6649999619,,,-1.62426050E-02
1963,11.6700000763,,,-1.62426050E-02
1964,11.6759998798,,,-1.62426050E-02
1965,11.6809999943,,,-1.62426050E-02
1966,11.6859998703,,,-1.62426050E-02
1967,11.6909999847,,,-1.62426050E-02
1968,11.6970000267,,,-1.62426050E-02
1969,11.7019999027,,,-1.62426050E-02
1970,11.7070000172,,,-1.62426050E-02
1971,11.7119998932,,,-1.62426050E-02
1972,11.7170000076,,,-1.62426050E-02
1973,11.7219998837,,,-1.62426050E-02
1974,11.7279999256,,,-1.62426050E-02
1975,11.7330000401,,,-1.62426050E-02
1976,11.739000082,,,-1.62426050E-02
1977,11.743999958,,,-1.62426050E-02
1978,11.7490000725,,,-1.62426050E-02
1979,11.7539999485,,,-1.62426050E-02
1980,11.7599999905,,,-1.62426050E-02
1981,11.7649998665,,,-1.62426050E-02
1982,11.7699999809,,,-1.62426050E-02
1983,11.7749998569,,,-1.62426050E-02
1984,11.7799999714,,,-1.62426050E-02
1985,11.7850000858,,,-1.62426050E-02
1986,11.7909998894,,,-1.62426050E-02
1987,11.7960000038,,,-1.62426050E-02
1988,11.8009998798,,,-1.62426050E-02
1989,11.8069999218,,,-1.62426050E-02
1990,11.8120000362,,,-1.62426050E-02
1991,11.8169999123,,,-1.62426050E-02
1992,11.8220000267,,,-1.62426050E-02
1993,11.8269999027,,,-1.62426050E-02
1994,11.8329999447,,,-1.62426050E-02
1995,11.8380000591,,,-1.62426050E-02
1996,11.8429999352,,,-1.62426050E-02
1997,11.8480000496,,,-1.62426050E-02
1998,11.8540000916,,,-1.62426050E-02
1999,11.8589999676,,,-1.62426050E-02
2000,11.864000082,,,-1.62426050E-02
2001,11.868999958,,,-1.62426050E-02
2002,11.875,,,-1.62426050E-02
2003,11.879999876,,,-1.62426050E-02
2004,11.8849999905,,,-1.62426050E-02
2005,11.8899998665,,,-1.62426050E-02
2006,11.8949999809,,,-1.62426050E-02
2007,11.9010000229,,,-1.62426050E-02
2008,11.9059998989,,,-1.62426050E-02
2009,11.9110000134,,,-1.62426050E-02
2010,11.9159998894,,,-1.62426050E-02
2011,11.9210000038,,,-1.62426050E-02
2012,11.9259998798,,,-1.62426050E-02
2013,11.9319999218,,,-1.62426050E-02
2014,11.9370000362,,,-1.62426050E-02
2015,11.9419999123,,,-1.62426050E-02
2016,11.9479999542,,,-1.62426050E-02
2017,11.9530000687,,,-1.62426050E-02
2018,11.9579999447,,,-1.62426050E-02
2019,11.9630000591,,,-1.62426050E-02
2020,11.9679999352,,,-1.62426050E-02
2021,11.9730000496,,,-1.62426050E-02
2022,11.9790000916,,,-1.62426050E-02
2023,11.9839999676,,,-1.62426050E-02
2024,11.989000082,,,-1.62426050E-02
2025,11.993999958,,,-1.62426050E-02
2026,11.9990000725,,,-1.62426050E-02
2027,12.004999876,,,-1.62426050E-02
2028,12.0099999905,,,-1.62426050E-02
2029,12.0149998665,,,-1.62426050E-02
2030,12.0199999809,,,-1.62426050E-02
2031,12.0249998569,,,-1.62426050E-02
2032,12.0299999714,,,-1.62426050E-02
2033,12.0350000858,,,-1.62426050E-02
2034,12.0409998894,,,-1.62426050E-02
2035,12.0460000038,,,-1.62426050E-02
2036,12.0520000458,,,-1.62426050E-02
2037,12.0569999218,,,-1.62426050E-02
2038,12.0620000362,,,-1.62426050E-02
2039,12.0669999123,,,-1.62426050E-02
2040,12.0720000267,,,-1.62426050E-02
2041,12.0780000687,,,-1.62426050E-02
2042,12.0829999447,,,-1.62426050E-02
2043,12.0880000591,,,-1.62426050E-02
2044,12.0939998627,,,-1.62426050E-02
2045,12.0989999771,,,-1.62426050E-02
2046,12.1040000916,,,-1.62426050E-02
2047,12.1099998951,,,-1.62426050E-02
2048,12.1150000095,,,-1.62426050E-02
2049,12.1199998856,,,-1.62426050E-02
2050,12.125,,,-1.62426050E-02
2051,12.131000042,,,-1.62426050E-02
2052,12.135999918,,,-1.62426050E-02
2053,12.1410000324,,,-1.62426050E-02
2054,12.1459999084,,,-1.62426050E-02
2055,12.1519999504,,,-1.62426050E-02
2056,12.1570000648,,,-1.62426050E-02
2057,12.1629998684,,,-1.62426050E-02
2058,12.1670000553,,,-1.62426050E-02
2059,12.1729998589,,,-1.62426050E-02
2060,12.1779999733,,,-1.62426050E-02
2061,12.1830000877,,,-1.62426050E-02
2062,12.1889998913,,,-1.62426050E-02
2063,12.1940000057,,,-1.62426050E-02
2064,12.1989998817,,,-1.62426050E-02
2065,12.2049999237,,,-1.62426050E-02
2066,12.2100000381,,,-1.62426050E-02
2067,12.2149999142,,,-1.62426050E-02
2068,12.2200000286,,,-1.62426050E-02
2069,12.2260000706,,,-1.62426050E-02
2070,12.2309999466,,,-1.62426050E-02
2071,12.236000061,,,-1.62426050E-02
2072,12.2419998646,,,-1.62426050E-02
2073,12.246999979,,,-1.62426050E-02
2074,12.2520000935,,,-1.62426050E-02
2075,12.2569999695,,,-1.62426050E-02
2076,12.2620000839,,,-1.62426050E-02
2077,12.2679998875,,,-1.62426050E-02
2078,12.2730000019,,,-1.62426050E-02
2079,12.2779998779,,,-1.62426050E-02
2080,12.2829999924,,,-1.62426050E-02
2081,12.2890000343,,,-1.62426050E-02
2082,12.2939999104,,,-1.62426050E-02
2083,12.2990000248,,,-1.62426050E-02
2084,12.3039999008,,,-1.62426050E-02
2085,12.3099999428,,,-1.62426050E-02
2086,12.3150000572,,,-1.62426050E-02
2087,12.3199999332,,,-1.62426050E-02
2088,12.3250000477,,,-1.62426050E-02
2089,12.3299999237,,,-1.62426050E-02
2090,12.3359999657,,,-1.62426050E-02
2091,12.3410000801,,,-1.62426050E-02
2092,12.3459999561,,,-1.62426050E-02
2093,12.3519999981,,,-1.62426050E-02
2094,12.3569998741,,,-1.62426050E-02
2095,12.3619999886,,,-1.62426050E-02
2096,12.3669998646,,,-1.62426050E-02
2097,12.371999979,,,-1.62426050E-02
2098,12.3770000935,,,-1.62426050E-02
2099,12.382999897,,,-1.62426050E-02
2100,12.3880000114,,,-1.62426050E-02
2101,12.3929998875,,,-1.62426050E-02
2102,12.3980000019,,,-1.62426050E-02
2103,12.4029998779,,,-1.62426050E-02
2104,12.4089999199,,,-1.62426050E-02
2105,12.4140000343,,,-1.62426050E-02
2106,12.4189999104,,,-1.62426050E-02
2107,12.4240000248,,,-1.62426050E-02
2108,12.4300000668,,,-1.62426050E-02
2109,12.4349999428,,,-1.62426050E-02
2110,12.4400000572,,,-1.62426050E-02
2111,12.4449999332,,,-1.62426050E-02
2112,12.4500000477,,,-1.62426050E-02
2113,12.4549999237,,,-1.62426050E-02
2114,12.4609999657,,,-1.62426050E-02
2115,12.4660000801,,,-1.62426050E-02
2116,12.4709999561,,,-1.62426050E-02
2117,12.4760000706,,,-1.62426050E-02
2118,12.4809999466,,,-1.62426050E-02
2119,12.486000061,,,-1.62426050E-02
2120,12.4919998646,,,-1.62426050E-02
2121,12.496999979,,,-1.62426050E-02
2122,12.5020000935,,,-1.62426050E-02
2123,12.5069999695,,,-1.62426050E-02
2124,12.5120000839,,,-1.62426050E-02
2125,12.5179998875,,,-1.62426050E-02
2126,12.5230000019,,,-1.62426050E-02
2127,12.5279998779,,,-1.62426050E-02
2128,12.5329999924,,,-1.62426050E-02
2129,12.5379998684,,,-1.62426050E-02
2130,12.5439999104,,,-1.62426050E-02
2131,12.5490000248,,,-1.62426050E-02
2132,12.5550000668,,,-1.62426050E-02
2133,12.5599999428,,,-1.62426050E-02
2134,12.5650000572,,,-1.62426050E-02
2135,12.5699999332,,,-1.62426050E-02
2136,12.5750000477,,,-1.62426050E-02
2137,12.5810000896,,,-1.62426050E-02
2138,12.5859999657,,,-1.62426050E-02
2139,12.5910000801,,,-1.62426050E-02
2140,12.5969998837,,,-1.62426050E-02
2141,12.6019999981,,,-1.62426050E-02
2142,12.6069998741,,,-1.62426050E-02
2143,12.6119999886,,,-1.62426050E-02
2144,12.6169998646,,,-1.62426050E-02
2145,12.6229999065,,,-1.62426050E-02
2146,12.628000021,,,-1.62426050E-02
2147,12.632999897,,,-1.62426050E-02
2148,12.6380000114,,,-1.62426050E-02
2149,12.6440000534,,,-1.62426050E-02
2150,12.6489999294,,,-1.62426050E-02
2151,12.6540000439,,,-1.62426050E-02
2152,12.6589999199,,,-1.62426050E-02
2153,12.6649999619,,,-1.62426050E-02
2154,12.6700000763,,,-1.62426050E-02
2155,12.6749999523,,,-1.62426050E-02
2156,12.6800000668,,,-1.62426050E-02
2157,12.6849999428,,,-1.62426050E-02
2158,12.6909999847,,,-1.62426050E-02
2159,12.6959998608,,,-1.62426050E-02
2160,12.7009999752,,,-1.62426050E-02
2161,12.7060000896,,,-1.62426050E-02
2162,12.7109999657,,,-1.62426050E-02
2163,12.7170000076,,,-1.62426050E-02
2164,12.7219998837,,,-1.62426050E-02
2165,12.7269999981,,,-1.62426050E-02
2166,12.7319998741,,,-1.62426050E-02
2167,12.7379999161,,,-1.62426050E-02
2168,12.7430000305,,,-1.62426050E-02
2169,12.7479999065,,,-1.62426050E-02
2170,12.753000021,,,-1.62426050E-02
2171,12.7590000629,,,-1.62426050E-02
2172,12.763999939,,,-1.62426050E-02
2173,12.7690000534,,,-1.62426050E-02
2174,12.7749998569,,,-1.62426050E-02
2175,12.7799999714,,,-1.62426050E-02
2176,12.7850000858,,,-1.62426050E-02
2177,12.7899999619,,,-1.62426050E-02
2178,12.7950000763,,,-1.62426050E-02
2179,12.8009998798,,,-1.62426050E-02
2180,12.8059999943,,,-1.62426050E-02
2181,12.8109998703,,,-1.62426050E-02
2182,12.8169999123,,,-1.62426050E-02
2183,12.8220000267,,,-1.62426050E-02
2184,12.8269999027,,,-1.62426050E-02
2185,12.8320000172,,,-1.62426050E-02
2186,12.8369998932,,,-1.62426050E-02
2187,12.8420000076,,,-1.62426050E-02
2188,12.8480000496,,,-1.62426050E-02
2189,12.8529999256,,,-1.62426050E-02
2190,12.8580000401,,,-1.62426050E-02
2191,12.8629999161,,,-1.62426050E-02
2192,12.8680000305,,,-1.62426050E-02
2193,12.8729999065,,,-1.62426050E-02
2194,12.8789999485,,,-1.62426050E-02
2195,12.8840000629,,,-1.62426050E-02
2196,12.888999939,,,-1.62426050E-02
2197,12.8940000534,,,-1.62426050E-02
2198,12.8999998569,,,-1.62426050E-02
2199,12.9049999714,,,-1.62426050E-02
2200,12.9100000858,,,-1.62426050E-02
2201,12.9149999619,,,-1.62426050E-02
2202,12.9200000763,,,-1.62426050E-02
2203,12.9259998798,,,-1.62426050E-02
2204,12.9309999943,,,-1.62426050E-02
2205,12.9359998703,,,-1.62426050E-02
2206,12.9409999847,,,-1.62426050E-02
2207,12.9470000267,,,-1.62426050E-02
2208,12.9519999027,,,-1.62426050E-02
2209,12.9570000172,,,-1.62426050E-02
2210,12.9619998932,,,-1.62426050E-02
2211,12.9670000076,,,-1.62426050E-02
2212,12.9719998837,,,-1.62426050E-02
2213,12.9769999981,,,-1.62426050E-02
2214,12.9819998741,,,-1.62426050E-02
2215,12.9869999886,,,-1.62426050E-02
2216,12.9919998646,,,-1.62426050E-02
2217,12.9979999065,,,-1.62426050E-02
2218,13.003000021,,,-1.62426050E-02
2219,13.007999897,,,-1.62426050E-02
2220,13.0130000114,,,-1.62426050E-02
2221,13.0179998875,,,-1.62426050E-02
2222,13.0239999294,,,-1.62426050E-02
2223,13.0290000439,,,-1.62426050E-02
2224,13.0339999199,,,-1.62426050E-02
2225,13.0390000343,,,-1.62426050E-02
2226,13.0439999104,,,-1.62426050E-02
2227,13.0499999523,,,-1.62426050E-02
2228,13.0550000668,,,-1.62426050E-02
2229,13.0599999428,,,-1.62426050E-02
2230,13.0650000572,,,-1.62426050E-02
2231,13.0699999332,,,-1.62426050E-02
2232,13.0750000477,,,-1.62426050E-02
2233,13.0810000896,,,-1.62426050E-02
2234,13.0859999657,,,-1.62426050E-02
2235,13.0910000801,,,-1.62426050E-02
2236,13.0959999561,,,-1.62426050E-02
2237,13.1010000706,,,-1.62426050E-02
2238,13.1069998741,,,-1.62426050E-02
2239,13.1119999886,,,-1.62426050E-02
2240,13.1169998646,,,-1.62426050E-02
2241,13.121999979,,,-1.62426050E-02
2242,13.1270000935,,,-1.62426050E-02
2243,13.132999897,,,-1.62426050E-02
2244,13.1380000114,,,-1.62426050E-02
2245,13.1429998875,,,-1.62426050E-02
2246,13.1480000019,,,-1.62426050E-02
2247,13.1540000439,,,-1.62426050E-02
2248,13.1589999199,,,-1.62426050E-02
2249,13.1640000343,,,-1.62426050E-02
2250,13.1689999104,,,-1.62426050E-02
2251,13.1749999523,,,-1.62426050E-02
2252,13.1800000668,,,-1.62426050E-02
2253,13.1849999428,,,-1.62426050E-02
2254,13.1900000572,,,-1.62426050E-02
2255,13.1949999332,,,-1.62426050E-02
2256,13.2000000477,,,-1.62426050E-02
2257,13.2060000896,,,-1.62426050E-02
2258,13.2109999657,,,-1.62426050E-02
2259,13.2160000801,,,-1.62426050E-02
2260,13.2209999561,,,-1.62426050E-02
2261,13.2260000706,,,-1.62426050E-02
2262,13.2309999466,,,-1.62426050E-02
2263,13.2369999886,,,-1.62426050E-02
2264,13.2419998646,,,-1.62426050E-02
2265,13.246999979,,,-1.62426050E-02
2266,13.2520000935,,,-1.62426050E-02
2267,13.257999897,,,-1.62426050E-02
2268,13.2630000114,,,-1.62426050E-02
2269,13.2679998875,,,-1.62426050E-02
2270,13.2739999294,,,-1.62426050E-02
2271,13.2790000439,,,-1.62426050E-02
2272,13.2839999199,,,-1.62426050E-02
2273,13.2890000343,,,-1.62426050E-02
2274,13.2939999104,,,-1.62426050E-02
2275,13.2990000248,,,-1.62426050E-02
2276,13.3050000668,,,-1.62426050E-02
2277,13.3099999428,,,-1.62426050E-02
2278,13.3150000572,,,-1.62426050E-02
2279,13.3199999332,,,-1.62426050E-02
2280,13.3259999752,,,-1.62426050E-02
2281,13.3310000896,,,-1.62426050E-02
2282,13.3359999657,,,-1.62426050E-02
2283,13.3410000801,,,-1.62426050E-02
2284,13.3469998837,,,-1.62426050E-02
2285,13.3519999981,,,-1.62426050E-02
2286,13.3569998741,,,-1.62426050E-02
2287,13.3619999886,,,-1.62426050E-02
2288,13.3669998646,,,-1.62426050E-02
2289,13.3729999065,,,-1.62426050E-02
2290,13.378000021,,,-1.62426050E-02
2291,13.382999897,,,-1.62426050E-02
2292,13.3880000114,,,-1.62426050E-02
2293,13.3929998875,,,-1.62426050E-02
2294,13.3989999294,,,-1.62426050E-02
2295,13.4040000439,,,-1.62426050E-02
2296,13.4089999199,,,-1.62426050E-02
2297,13.4149999619,,,-1.62426050E-02
2298,13.4200000763,,,-1.62426050E-02
2299,13.4249999523,,,-1.62426050E-02
2300,13.4300000668,,,-1.62426050E-02
2301,13.4359998703,,,-1.62426050E-02
2302,13.4409999847,,,-1.62426050E-02
2303,13.4459998608,,,-1.62426050E-02
2304,13.4509999752,,,-1.62426050E-02
2305,13.4560000896,,,-1.62426050E-02
2306,13.4619998932,,,-1.62426050E-02
2307,13.4670000076,,,-1.62426050E-02
2308,13.4719998837,,,-1.62426050E-02
2309,13.4769999981,,,-1.62426050E-02
2310,13.4819998741,,,-1.62426050E-02
2311,13.4879999161,,,-1.62426050E-02
2312,13.4930000305,,,-1.62426050E-02
2313,13.4979999065,,,-1.62426050E-02
2314,13.503000021,,,-1.62426050E-02
2315,13.507999897,,,-1.62426050E-02
2316,13.5130000114,,,-1.62426050E-02
2317,13.5190000534,,,-1.62426050E-02
2318,13.5239999294,,,-1.62426050E-02
2319,13.5290000439,,,-1.62426050E-02
2320,13.5339999199,,,-1.62426050E-02
2321,13.5390000343,,,-1.62426050E-02
2322,13.5450000763,,,-1.62426050E-02
2323,13.5509998798,,,-1.62426050E-02
2324,13.5559999943,,,-1.62426050E-02
2325,13.5609998703,,,-1.62426050E-02
2326,13.5669999123,,,-1.62426050E-02
2327,13.5720000267,,,-1.62426050E-02
2328,13.5769999027,,,-1.62426050E-02
2329,13.5820000172,,,-1.62426050E-02
2330,13.5869998932,,,-1.62426050E-02
2331,13.5929999352,,,-1.62426050E-02
2332,13.5980000496,,,-1.62426050E-02
2333,13.6029999256,,,-1.62426050E-02
2334,13.6089999676,,,-1.62426050E-02
2335,13.614000082,,,-1.62426050E-02
2336,13.618999958,,,-1.62426050E-02
2337,13.6240000725,,,-1.62426050E-02
2338,13.6289999485,,,-1.62426050E-02
2339,13.6349999905,,,-1.62426050E-02
2340,13.6399998665,,,-1.62426050E-02
2341,13.6449999809,,,-1.62426050E-02
2342,13.6499998569,,,-1.62426050E-02
2343,13.6549999714,,,-1.62426050E-02
2344,13.6610000134,,,-1.62426050E-02
2345,13.6659998894,,,-1.62426050E-02
2346,13.6710000038,,,-1.62426050E-02
2347,13.6770000458,,,-1.62426050E-02
2348,13.6819999218,,,-1.62426050E-02
2349,13.6870000362,,,-1.62426050E-02
2350,13.6919999123,,,-1.62426050E-02
2351,13.6970000267,,,-1.62426050E-02
2352,13.7019999027,,,-1.62426050E-02
2353,13.7079999447,,,-1.62426050E-02
2354,13.7130000591,,,-1.62426050E-02
2355,13.7179999352,,,-1.62426050E-02
2356,13.7230000496,,,-1.62426050E-02
2357,13.7290000916,,,-1.62426050E-02
2358,13.7339999676,,,-1.62426050E-02
2359,13.739000082,,,-1.62426050E-02
2360,13.7449998856,,,-1.62426050E-02
2361,13.75,,,-1.62426050E-02
2362,13.754999876,,,-1.62426050E-02
2363,13.7599999905,,,-1.62426050E-02
2364,13.7660000324,,,-1.62426050E-02
2365,13.7709999084,,,-1.62426050E-02
2366,13.7760000229,,,-1.62426050E-02
2367,13.7809998989,,,-1.62426050E-02
2368,13.7869999409,,,-1.62426050E-02
2369,13.7920000553,,,-1.62426050E-02
2370,13.7969999313,,,-1.62426050E-02
2371,13.8029999733,,,-1.62426050E-02
2372,13.8080000877,,,-1.62426050E-02
2373,13.8129999638,,,-1.62426050E-02
2374,13.8180000782,,,-1.62426050E-02
2375,13.8229999542,,,-1.62426050E-02
2376,13.8289999962,,,-1.62426050E-02
2377,13.8339998722,,,-1.62426050E-02
2378,13.8389999866,,,-1.62426050E-02
2379,13.8439998627,,,-1.62426050E-02
2380,13.8489999771,,,-1.62426050E-02
2381,13.8540000916,,,-1.62426050E-02
2382,13.8599998951,,,-1.62426050E-02
2383,13.8650000095,,,-1.62426050E-02
2384,13.8699998856,,,-1.62426050E-02
2385,13.875,,,-1.62426050E-02
2386,13.881000042,,,-1.62426050E-02
2387,13.885999918,,,-1.62426050E-02
2388,13.8910000324,,,-1.62426050E-02
2389,13.8959999084,,,-1.62426050E-02
2390,13.9010000229,,,-1.62426050E-02
2391,13.9070000648,,,-1.62426050E-02
2392,13.9119999409,,,-1.62426050E-02
2393,13.9170000553,,,-1.62426050E-02
2394,13.9219999313,,,-1.62426050E-02
2395,13.9279999733,,,-1.62426050E-02
2396,13.9330000877,,,-1.62426050E-02
2397,13.9379999638,,,-1.62426050E-02
2398,13.9430000782,,,-1.62426050E-02
2399,13.9479999542,,,-1.62426050E-02
2400,13.9539999962,,,-1.62426050E-02
2401,13.9589998722,,,-1.62426050E-02
2402,13.9639999866,,,-1.62426050E-02
2403,13.9689998627,,,-1.62426050E-02
2404,13.9739999771,,,-1.62426050E-02
2405,13.9800000191,,,-1.62426050E-02
2406,13.9849998951,,,-1.62426050E-02
2407,13.9900000095,,,-1.62426050E-02
2408,13.9949998856,,,-1.62426050E-02
2409,14.0009999275,,,-1.62426050E-02
2410,14.006000042,,,-1.62426050E-02
2411,14.010999918,,,-1.62426050E-02
2412,14.0160000324,,,-1.62426050E-02
2413,14.0209999084,,,-1.62426050E-02
2414,14.0260000229,,,-1.62426050E-02
2415,14.0320000648,,,-1.62426050E-02
2416,14.0369999409,,,-1.62426050E-02
2417,14.0429999828,,,-1.62426050E-02
2418,14.0479998589,,,-1.62426050E-02
2419,14.0529999733,,,-1.62426050E-02
2420,14.0580000877,,,-1.62426050E-02
2421,14.0629999638,,,-1.62426050E-02
2422,14.0690000057,,,-1.62426050E-02
2423,14.0739998817,,,-1.62426050E-02
2424,14.0789999962,,,-1.62426050E-02
2425,14.0839998722,,,-1.62426050E-02
2426,14.0899999142,,,-1.62426050E-02
2427,14.0950000286,,,-1.62426050E-02
2428,14.0999999046,,,-1.62426050E-02
2429,14.1050000191,,,-1.62426050E-02
2430,14.1099998951,,,-1.62426050E-02
2431,14.1159999371,,,-1.62426050E-02
2432,14.1210000515,,,-1.62426050E-02
2433,14.1259999275,,,-1.62426050E-02
2434,14.131000042,,,-1.62426050E-02
2435,14.1370000839,,,-1.62426050E-02
2436,14.1419999599,,,-1.62426050E-02
2437,14.1470000744,,,-1.62426050E-02
2438,14.1519999504,,,-1.62426050E-02
2439,14.1579999924,,,-1.62426050E-02
2440,14.1629998684,,,-1.62426050E-02
2441,14.1679999828,,,-1.62426050E-02
2442,14.1729998589,,,-1.62426050E-02
2443,14.1779999733,,,-1.62426050E-02
2444,14.1840000153,,,-1.62426050E-02
2445,14.1889998913,,,-1.62426050E-02
2446,14.1940000057,,,-1.62426050E-02
2447,14.1989998817,,,-1.62426050E-02
2448,14.2039999962,,,-1.62426050E-02
2449,14.2100000381,,,-1.62426050E-02
2450,14.2139999866,,,-1.62426050E-02
2451,14.2189998627,,,-1.62426050E-02
2452,14.2239999771,,,-1.62426050E-02
2453,14.2290000916,,,-1.62426050E-02
2454,14.2339999676,,,-1.62426050E-02
2455,14.239000082,,,-1.62426050E-02
2456,14.2430000305,,,-1.62426050E-02
2457,14.2479999065,,,-1.62426050E-02
2458,14.253000021,,,-1.62426050E-02
2459,14.257999897,,,-1.62426050E-02
2460,14.2630000114,,,-1.62426050E-02
2461,14.2669999599,,,-1.62426050E-02
2462,14.2720000744,,,-1.62426050E-02
2463,14.2769999504,,,-1.62426050E-02
2464,14.2820000648,,,-1.62426050E-02
2465,14.2869999409,,,-1.62426050E-02
2466,14.2920000553,,,-1.62426050E-02
2467,14.2969999313,,,-1.62426050E-02
2468,14.3020000458,,,-1.62426050E-02
2469,14.3069999218,,,-1.62426050E-02
2470,14.3120000362,,,-1.62426050E-02
2471,14.3169999123,,,-1.62426050E-02
2472,14.3220000267,,,-1.62426050E-02
2473,14.3259999752,,,-1.62426050E-02
2474,14.3310000896,,,-1.62426050E-02
2475,14.3359999657,,,-1.62426050E-02
2476,14.3410000801,,,-1.62426050E-02
2477,14.3459999561,,,-1.62426050E-02
2478,14.3499999046,,,-1.62426050E-02
2479,14.3550000191,,,-1.62426050E-02
2480,14.3599998951,,,-1.62426050E-02
2481,14.364000082,,,-1.62426050E-02
2482,14.368999958,,,-1.62426050E-02
2483,14.3740000725,,,-1.62426050E-02
2484,14.3789999485,,,-1.62426050E-02
2485,14.3840000629,,,-1.62426050E-02
2486,14.388999939,,,-1.62426050E-02
2487,14.3940000534,,,-1.62426050E-02
2488,14.3989999294,,,-1.62426050E-02
2489,14.4029998779,,,-1.62426050E-02
2490,14.4079999924,,,-1.62426050E-02
2491,14.4129998684,,,-1.62426050E-02
2492,14.4179999828,,,-1.62426050E-02
2493,14.4219999313,,,-1.62426050E-02
2494,14.4270000458,,,-1.62426050E-02
2495,14.4319999218,,,-1.62426050E-02
2496,14.4370000362,,,-1.62426050E-02
2497,14.4419999123,,,-1.62426050E-02
2498,14.4459998608,,,-1.62426050E-02
2499,14.4509999752,,,-1.62426050E-02
2500,14.4560000896,,,-1.62426050E-02
2501,14.4609999657,,,-1.62426050E-02
2502,14.4660000801,,,-1.62426050E-02
2503,14.4709999561,,,-1.62426050E-02
2504,14.4760000706,,,-1.62426050E-02
2505,14.4809999466,,,-1.62426050E-02
2506,14.4849998951,,,-1.62426050E-02
2507,14.4900000095,,,-1.62426050E-02
2508,14.4949998856,,,-1.62426050E-02
2509,14.5,,,-1.62426050E-02
2510,14.504999876,,,-1.62426050E-02
2511,14.5099999905,,,-1.62426050E-02
2512,14.5149998665,,,-1.62426050E-02
