Counter,Time(s),Temperature Voltage(V),Magnet Current(A),Field Coil Current(mA),SQUID Voltage(uV),Mod Current(uA),Pickup Loop Current(uA),
0,0.007000207901,+1.57093950E+00,,,-44.2433,-0.00571150054765,-56.2965615764
1,3.91600012779,+1.57094080E+00,,,-44.25612,-2.16401182913,-56.2950246305
2,6.44500017166,+1.57094080E+00,,,-44.23916,-4.33451182913,-56.2992512315
3,8.97300004959,+1.57093830E+00,,,-44.25091,-6.47491193866,-56.2964334975
4,11.5010001659,+1.57093830E+00,,,-44.26746,-8.68699419496,-56.2937438424
5,14.0290000439,+1.57094080E+00,,,-44.29406,-10.8466878423,-56.294
6,16.5350000858,+1.57094200E+00,,,-44.3281,-12.9979025192,-56.2948965517
7,19.0410001278,+1.57093950E+00,,,-44.35536,-15.1782234392,-56.2922068966
8,21.5470001698,+1.57094450E+00,,,-44.41211,-17.3352387733,-56.2909261084
9,24.0530002117,+1.57093830E+00,,,-44.48065,-19.4891708653,-56.2929753695
10,26.5600001812,+1.57094080E+00,,,-44.55732,-21.644736035,-56.2955369458
11,29.0650000572,+1.57093830E+00,,,-44.61208,-23.7822519168,-56.2950246305
12,31.5710000992,+1.57093460E+00,,,-44.71812,-25.9848170865,-56.2914384236
13,34.0780000687,+1.57093830E+00,,,-44.77329,-28.1877020811,-56.294
14,36.5830001831,+1.57093950E+00,,,-44.839,-30.3407513691,-56.288364532
15,39.0900001526,+1.57094200E+00,,,-44.95173,-32.495347207,-56.2934876847
16,41.5970001221,+1.57093580E+00,,,-45.05817,-34.6503329682,-56.2924630542
17,44.103000164,+1.57093830E+00,,,-45.12389,-36.8026144578,-56.2909261084
18,46.609000206,+1.57093460E+00,,,-45.24624,-38.9214950712,-56.2924630542
19,49.1160001755,+1.57093830E+00,,,-45.34789,-41.0751204819,-56.2888768473
20,51.6220002174,+1.57093950E+00,,,-45.44725,-43.2925125958,-56.2881083744
21,54.128000021,+1.57094080E+00,,,-45.52378,-45.3489123768,-56.2915665025
22,56.6360001564,+1.57093830E+00,,,-45.62864,-47.5340733844,-56.2875960591
23,59.1420001984,+1.57093950E+00,,,-45.7005,-49.752516977,-56.2866995074
24,61.6490001678,+1.57094080E+00,,,-45.75751,-51.9386768894,-56.2893891626
25,64.1550002098,+1.57093710E+00,,,-45.86744,-54.1267272727,-56.2924630542
26,66.6610000134,+1.57093830E+00,,,-45.93436,-56.7404008762,-56.2870837438
27,69.1680002213,+1.57093950E+00,,,-45.99033,-58.9402694414,-56.2865714286
28,71.6730000973,+1.57093580E+00,,,-46.07368,-61.1437415115,-56.2942561576
29,74.1810002327,+1.57093580E+00,,,-46.10705,-62.956543264,-56.2858029557
30,76.6880002022,+1.57094450E+00,,,-46.17759,-65.1597524644,-56.2893891626
31,79.1940000057,+1.57093830E+00,,,-46.23662,-67.3673165389,-56.2801674877
32,81.7000000477,+1.57094330E+00,,,-46.24932,-69.5715794085,-56.2842660099
33,84.2060000896,+1.57093830E+00,,,-46.34494,-71.7704775465,-56.2832413793
34,86.7130000591,+1.57093950E+00,,,-46.40131,-73.9748871851,-56.2893891626
35,89.2190001011,+1.57093950E+00,,,-46.45446,-76.1733340635,-56.2859310345
36,91.7260000706,+1.57094080E+00,,,-46.47731,-78.3756746988,-56.2829852217
37,94.2320001125,+1.57093830E+00,,,-46.49935,-80.5776933187,-56.2815763547
38,96.7380001545,+1.57093460E+00,,,-46.48892,-82.7803932092,-56.280679803
39,99.2440001965,+1.57094080E+00,,,-46.48038,-84.9820963855,-56.2763251232
40,101.75,+1.57093460E+00,,,-46.46315,-87.1837294633,-56.2786305419
41,104.256000042,+1.57094080E+00,,,-46.4908,-88.930803943,-56.2863152709
42,106.763000011,+1.57093580E+00,,,-46.4387,-91.1317667032,-56.2819605911
43,109.270000219,+1.57094080E+00,,,-46.40265,-93.3338422782,-56.2786305419
44,111.777000189,+1.57093950E+00,,,-46.37032,-95.5358148959,-56.284137931
45,114.283000231,+1.57093580E+00,,,-46.30461,-97.7376276013,-56.2811921182
46,116.789000034,+1.57093830E+00,,,-46.2393,-100.006822563,-56.2824729064
47,119.296000004,+1.57093580E+00,,,-46.20377,-102.207809419,-56.2834975369
48,121.802000046,+1.57093830E+00,,,-46.17263,-104.407476451,-56.2814482759
49,124.308000088,+1.57094080E+00,,,-46.1215,-106.609780942,-56.2814482759
50,126.815000057,+1.57093580E+00,,,-46.06312,-108.808307777,-56.280679803
51,129.321000099,+1.57094080E+00,,,-45.97363,-111.278817087,-56.2801674877
52,131.787000179,+1.57093950E+00,,,-44.3587,-113.08746988,-56.2824729064
53,134.252000093,+1.57093580E+00,,,-45.83126,-115.283537788,-56.2815763547
54,136.718000174,+1.57093580E+00,,,-45.7467,-117.479759036,-56.2817044335
55,139.183000088,+1.57093830E+00,,,-45.67645,-119.680021906,-56.2817044335
56,141.648000002,+1.57093710E+00,,,-45.63491,-121.878696605,-56.2787586207
57,144.114000082,+1.57093580E+00,,,-45.54542,-124.074611172,-56.2795270936
58,146.579000235,+1.57093830E+00,,,-45.43336,-126.27415115,-56.2791428571
59,149.045000076,+1.57094200E+00,,,-45.32959,-128.477316539,-56.2838817734
60,151.510000229,+1.57093710E+00,,,-45.23128,-130.680624315,-56.2769655172
61,153.975000143,+1.57094450E+00,,,-45.17544,-132.892902519,-56.2767093596
62,156.440000057,+1.57094080E+00,,,-45.05858,-135.092738226,-56.2767093596
63,158.90500021,+1.57093830E+00,,,-44.95734,-137.290405257,-56.276453202
64,161.372000217,+1.57093710E+00,,,-44.90191,-139.10253012,-56.2773497537
65,163.838000059,+1.57093830E+00,,,-44.90244,-141.30033954,-56.2749162562
66,166.303000212,+1.57093710E+00,,,-44.73321,-143.495969332,-56.2720985222
67,168.768000126,+1.57093580E+00,,,-44.57254,-145.7,-56.2765812808
68,171.234000206,+1.57093950E+00,,,-44.48478,-147.894326396,-56.273635468
69,173.700000048,+1.57093830E+00,,,-44.40572,-150.095903614,-56.2737635468
70,176.1650002,+1.57094080E+00,,,-44.34615,-152.288061336,-56.2703054187
71,178.631000042,+1.57093950E+00,,,-44.25291,-154.489780942,-56.2713300493
72,181.096000195,+1.57093950E+00,,,-44.22607,-156.682661555,-56.2703054187
73,183.562000036,+1.57093830E+00,,,-44.21177,-158.881336254,-56.2697931034
74,186.028000116,+1.57094450E+00,,,-44.13711,-161.083176342,-56.273635468
75,188.492000103,+1.57094200E+00,,,-44.08128,-162.891971522,-56.2718423645
76,190.957000017,+1.57094080E+00,,,-44.03507,-165.103964951,-56.2705615764
77,193.42200017,+1.57094200E+00,,,-44.02145,-167.296560789,-56.2704334975
78,195.888000011,+1.57094330E+00,,,-44.03574,-169.497842278,-56.2720985222
79,198.353000164,+1.57094080E+00,,,-44.04923,-171.693932092,-56.2749162562
80,200.819000006,+1.57093580E+00,,,-44.07073,-173.894052574,-56.2703054187
81,203.284000158,+1.57094200E+00,,,-44.10092,-176.087798467,-56.269408867
82,205.749000072,+1.57093710E+00,,,-44.18065,-178.298346112,-56.2682561576
83,208.214000225,+1.57093950E+00,,,-44.23942,-180.495279299,-56.2714581281
84,210.680000067,+1.57093950E+00,,,-44.28965,-182.694238773,-56.2706896552
85,213.146000147,+1.57093950E+00,,,-44.35603,-184.885958379,-56.269408867
86,215.611000061,+1.57093710E+00,,,-44.41919,-187.092157722,-56.2669753695
87,218.077000141,+1.57094200E+00,,,-44.46834,-188.902694414,-56.2719704433
88,220.542000055,+1.57094330E+00,,,-44.55171,-191.09788609,-56.2673596059
89,223.007000208,+1.57094450E+00,,,-44.66496,-193.300328587,-56.2667192118
90,225.472000122,+1.57094570E+00,,,-44.73642,-195.49769989,-56.2664630542
91,227.937000036,+1.57094330E+00,,,-44.83058,-197.702026287,-56.2672315271
92,230.40500021,+1.57094330E+00,,,-44.95521,-199.89939759,-56.2676157635
93,232.870000124,+1.57094200E+00,,,-45.02545,-202.104293538,-56.2685123153
94,235.335000038,+1.57093950E+00,,,-45.1243,-204.295870756,-56.2654384236
95,237.800000191,+1.57093830E+00,,,-45.19842,-206.495826944,-56.266591133
96,240.265000105,+1.57093950E+00,,,-45.29578,-208.687842278,-56.2654384236
97,242.729000092,+1.57093460E+00,,,-45.39249,-210.889989047,-56.2696650246
98,245.195000172,+1.57093950E+00,,,-45.47717,-212.700668127,-56.262226601
99,247.661000013,+1.57093830E+00,,,-45.56866,-214.896440307,-56.2628669951
100,250.126000166,+1.57094330E+00,,,-45.63825,-217.097141292,-56.2617142857
101,252.592000008,+1.57094330E+00,,,-45.71986,-219.294096386,-56.2613300493
