Counter,Time(s),Temperature Voltage(V),Magnet Current(A),Field Coil Current(mA),SQUID Voltage(uV),Mod Current(uA),Pickup Loop Current(uA),
0,0.00800013542175,+1.57093330E+00,,,-0.12688,-95.5487327492,-68.0117832512
0,4.06200003624,+1.57093330E+00,,,-0.12888,-95.5490361446,-68.0146009852
0,6.56500005722,+1.57092960E+00,,,-0.03298,-95.5492968237,-68.0149852217
0,9.0680000782,+1.57092840E+00,,,-0.03178,-95.5492102957,-68.012679803
0,11.5700001717,+1.57093460E+00,,,-0.01628,-95.5492387733,-68.0163940887
0,14.0730001926,+1.57093460E+00,,,0.0235,-95.549441402,-68.013320197
0,16.5760002136,+1.57093090E+00,,,-0.02778,-95.5504534502,-68.0093497537
0,19.0789999962,+1.57093210E+00,,,-0.01816,-95.5506856517,-68.0105024631
0,21.5830001831,+1.57093460E+00,,,-0.04834,-95.5504249726,-68.0087093596
0,24.0850000381,+1.57093330E+00,,,-0.06451,-95.5505115005,-68.0080689655
0,26.5880000591,+1.57093210E+00,,,-0.06436,-95.5503088719,-68.0078128079
0,29.0910000801,+1.57093090E+00,,,-0.09643,-95.5506276013,-68.0102463054
0,31.5930001736,+1.57093330E+00,,,-0.06291,-95.551263965,-68.0064039409
0,34.0960001945,+1.57093580E+00,,,-0.08547,-95.5520744797,-68.0079408867
0,36.5990002155,+1.57093460E+00,,,-0.10218,-95.5526232202,-68.0053694581
0,39.1040000916,+1.57093460E+00,,,-0.11205,-95.5524501643,-68.0108866995
0,41.6050000191,+1.57093710E+00,,,-0.09149,-95.5530580504,-68.0079408867
0,44.1080000401,+1.57093580E+00,,,-0.07973,-95.5535498357,-68.0088374384
0,46.611000061,+1.57093580E+00,,,-0.07199,-95.553,-68.0088374384
0,49.114000082,+1.57093330E+00,,,-0.11486,-95.5524501643,-68.0069162562
0,51.6160001755,+1.57093210E+00,,,-0.12542,-95.5524216867,-68.0062758621
0,54.1190001965,+1.57093090E+00,,,-0.13277,-95.5523340635,-68.0074285714
0,56.623000145,+1.57093090E+00,,,-0.13758,-95.5522760131,-68.0017832512
0,59.125,+1.57093210E+00,,,-0.1337,-95.553347207,-68.0052413793
0,61.628000021,+1.57093330E+00,,,-0.12168,-95.5519868565,-68.0056256158
0,64.1300001144,+1.57093460E+00,,,-0.06837,-95.5524786418,-68.004729064
0,66.6320002079,+1.57093460E+00,,,-0.07599,-95.5537228916,-68.0046009852
0,69.1350002289,+1.57093090E+00,,,-0.09816,-95.5529134721,-68.0049852217
0,71.6380000114,+1.57093210E+00,,,-0.10338,-95.5524216867,-68.0030640394
0,74.1420001984,+1.57093580E+00,,,-0.08936,-95.5527973713,-68.0051133005
0,76.6450002193,+1.57093210E+00,,,-0.10565,-95.5530580504,-68.0001182266
0,79.1470000744,+1.57093580E+00,,,-0.10457,-95.5525366922,-68.0048571429
0,81.6500000954,+1.57093210E+00,,,-0.04461,-95.5538094195,-68.0022955665
0,84.1530001163,+1.57093830E+00,,,-0.10178,-95.5527688938,-68.0016551724
0,86.6560001373,+1.57093460E+00,,,-0.14558,-95.5528554217,-68.0021674877
0,89.1590001583,+1.57093330E+00,,,-0.13036,-95.5524786418,-68.002679803
0,91.6630001068,+1.57093330E+00,,,-0.14237,-95.5534052574,-68.0034482759
0,94.1650002003,+1.57093580E+00,,,-0.12928,-95.554128149,-68.0044729064
0,96.6680002213,+1.57093710E+00,,,-0.11567,-95.5551117196,-68.0008866995
0,99.1710000038,+1.57094200E+00,,,-0.13209,-95.5551982475,-68.0037044335
0,101.674000025,+1.57093580E+00,,,-0.13343,-95.5550251917,-68.00191133
0,104.176000118,+1.57093580E+00,,,-0.14932,-95.5534917853,-68.0038325123
0,106.680000067,+1.57093710E+00,,,-0.14225,-95.5537228916,-67.9994778325
0,109.183000088,+1.57093330E+00,,,-0.14572,-95.5541566265,-68.0007586207
0,111.686000109,+1.57094080E+00,,,-0.14237,-95.5534622125,-68.0011428571
0,114.18900013,+1.57093460E+00,,,-0.15413,-95.5542146769,-68.0010147783
0,116.692000151,+1.57093460E+00,,,-0.19447,-95.5522475356,-68.0010147783
0,119.195000172,+1.57093580E+00,,,-0.21651,-95.5535498357,-67.9975566502
0,121.697000027,+1.57093330E+00,,,-0.18752,-95.5526812705,-67.9990935961
0,124.200000048,+1.57093330E+00,,,-0.16681,-95.5523921139,-67.9983251232
0,126.703999996,+1.57093330E+00,,,-0.12301,-95.5519003286,-67.9947389163
0,129.207000017,+1.57093950E+00,,,-0.11887,-95.5521610077,-68.0021674877
0,131.709000111,+1.57093580E+00,,,-0.12435,-95.5533756846,-67.9989655172
0,134.213000059,+1.57094200E+00,,,-0.1397,-95.5525082147,-68.001270936
0,136.71600008,+1.57093580E+00,,,-0.08348,-95.553347207,-68.001270936
0,139.219000101,+1.57093710E+00,,,-0.05983,-95.552652793,-67.9996059113
0,141.721000195,+1.57093330E+00,,,-0.05864,-95.5528554217,-68.003320197
0,144.225000143,+1.57093580E+00,,,-0.04848,-95.5529704272,-67.9996059113
0,146.726999998,+1.57093460E+00,,,-0.02965,-95.5519003286,-67.9989655172
0,149.230000019,+1.57093710E+00,,,-0.05169,-95.5535202629,-68.0003743842
0,151.73300004,+1.57093460E+00,,,-0.08121,-95.5533756846,-68.0003743842
0,154.235000134,+1.57093460E+00,,,-0.05917,-95.5541861993,-68.0013990148
0,156.738000154,+1.57093710E+00,,,-0.05316,-95.5532891566,-68.0001182266
0,159.241000175,+1.57093210E+00,,,-0.05355,-95.5522760131,-67.998453202
0,161.745000124,+1.57094200E+00,,,-0.0064,-95.553694414,-67.9975566502
0,164.247000217,+1.57093830E+00,,,-0.0199,-95.5530580504,-67.9974285714
0,166.75,+1.57093460E+00,,,-0.02123,-95.5525082147,-68.0005024631
0,169.253000021,+1.57093950E+00,,,-0.02683,-95.5537809419,-67.9939704433
0,171.755000114,+1.57093950E+00,,,-0.04755,-95.553694414,-67.994226601
0,174.258000135,+1.57093830E+00,,,-0.04887,-95.5537809419,-67.9996059113
0,176.760000229,+1.57093210E+00,,,-0.04969,-95.5539539978,-67.9917931034
0,179.264000177,+1.57093580E+00,,,-0.01575,-95.5527108434,-67.9964039409
0,181.766000032,+1.57093460E+00,,,-0.04194,-95.5525082147,-67.9980689655
0,184.270000219,+1.57093580E+00,,,-0.04314,-95.5528258488,-67.9962758621
0,186.772000074,+1.57093580E+00,,,-0.0346,-95.5526232202,-67.9979408867
0,189.275000095,+1.57093710E+00,,,-0.00053,-95.5509167579,-67.9932019704
0,191.793000221,+1.57093830E+00,,,0.03766,-95.5502803943,-67.9932019704
0,194.295000076,+1.57093580E+00,,,0.04956,-95.5498751369,-67.9932019704
0,196.798000097,+1.57093330E+00,,,0.045,-95.5510613363,-67.9988374384
0,199.301000118,+1.57093210E+00,,,0.06451,-95.5514950712,-67.9967881773
0,201.803000212,+1.57093330E+00,,,0.07667,-95.551263965,-67.9962758621
0,204.305000067,+1.57093710E+00,,,0.09496,-95.5500197152,-67.9969162562
0,206.808000088,+1.57093580E+00,,,0.11233,-95.5509167579,-67.9957635468
0,209.311000109,+1.57093710E+00,,,0.1023,-95.5524216867,-67.9919211823
0,211.81400013,+1.57093830E+00,,,0.10124,-95.5523921139,-67.9937142857
0,214.317000151,+1.57093580E+00,,,0.12153,-95.5521029573,-67.9978128079
0,216.830000162,+1.57093460E+00,,,0.14411,-95.551871851,-67.9965320197
0,219.332000017,+1.57093330E+00,,,0.14077,-95.5516692223,-67.9935862069
0,221.835000038,+1.57093580E+00,,,0.16173,-95.551611172,-67.9993497537
0,224.337000132,+1.57093330E+00,,,0.15641,-95.5520744797,-67.9962758621
0,226.840000153,+1.57093950E+00,,,0.16175,-95.5526232202,-67.9921773399
0,229.343000174,+1.57093580E+00,,,0.15012,-95.5533176342,-67.9939704433
0,231.847000122,+1.57093710E+00,,,0.16228,-95.553,-67.997044335
0,234.350000143,+1.57093460E+00,,,0.16402,-95.551958379,-67.9953793103
0,236.851999998,+1.57093460E+00,,,0.16295,-95.5523340635,-67.9967881773
0,239.354000092,+1.57093330E+00,,,0.16535,-95.5525947426,-67.9955073892
0,241.857000113,+1.57093460E+00,,,0.16014,-95.5526812705,-67.9957635468
0,244.359000206,+1.57093330E+00,,,0.12796,-95.5515826944,-67.9978128079
0,246.862000227,+1.57093830E+00,,,0.14077,-95.5532311062,-67.9978128079
0,249.36500001,+1.57093950E+00,,,0.1731,-95.553,-67.9947389163
0,251.868000031,+1.57093580E+00,,,0.17055,-95.553347207,-67.9935862069
0,254.371000051,+1.57094080E+00,,,0.16374,-95.5529134721,-67.9952512315
0,256.873000145,+1.57093950E+00,,,0.15801,-95.5538970427,-67.9943546798
0,259.376000166,+1.57093830E+00,,,0.19314,-95.5552858708,-67.9955073892
0,261.879000187,+1.57093580E+00,,,0.17629,-95.5542727273,-67.9924334975
0,264.381000042,+1.57094330E+00,,,0.16361,-95.5542146769,-67.9919211823
0,266.885000229,+1.57093710E+00,,,0.18525,-95.5554731654,-67.9903842365
0,269.387000084,+1.57094080E+00,,,0.20022,-95.5534622125,-67.994226601
0,271.890000105,+1.57093830E+00,,,0.22558,-95.5529419496,-67.9929458128
0,274.393000126,+1.57094080E+00,,,0.21812,-95.5528258488,-67.9916650246
0,276.895000219,+1.57094080E+00,,,0.24562,-95.5538970427,-67.9917931034
0,279.398000002,+1.57093710E+00,,,0.21183,-95.5535498357,-67.9906403941
0,281.902000189,+1.57094200E+00,,,0.19233,-95.5543307777,-67.9939704433
0,284.404000044,+1.57093830E+00,,,0.2177,-95.5541861993,-67.9924334975
0,286.907000065,+1.57093830E+00,,,0.22571,-95.5553143483,-67.9934581281
0,289.410000086,+1.57093710E+00,,,0.17671,-95.5545038335,-67.9897438424
0,291.912000179,+1.57093460E+00,,,0.21022,-95.5529134721,-67.9947389163
0,294.416000128,+1.57094330E+00,,,0.18606,-95.5538389923,-67.9862857143
0,296.919000149,+1.57093950E+00,,,0.1735,-95.5548806134,-67.9897438424
0,299.42200017,+1.57093580E+00,,,0.20636,-95.5542442497,-67.9893596059
0,301.925000191,+1.57093710E+00,,,0.19968,-95.5545914567,-67.9894876847
mod coil current: -95.5535783133 uA
pickup loop current: -67.9910246305 uA
