Counter,Time(s),Temperature Voltage(V),Magnet Current(A),Field Coil Current(mA),SQUID Voltage(uV),Mod Current(uA),Pickup Loop Current(uA),
0,0.00899982452393,+1.57113170E+00,,,-33.70218,-58.5616462212,-54.923773399
0,4.1369998455,+1.57112670E+00,,,-33.75187,-58.563237678,-54.9214679803
0,6.63999986649,+1.57113910E+00,,,-33.78593,-58.564973713,-54.9246699507
0,9.14299988747,+1.57113040E+00,,,-33.8825,-58.5666221249,-54.9247980296
0,11.6459999084,+1.57112550E+00,,,-33.88504,-58.5688499452,-54.9268472906
0,14.1489999294,+1.57115030E+00,,,-33.82199,-58.5723077766,-54.9230049261
0,16.6519999504,+1.57113660E+00,,,-33.79448,-58.5739561884,-54.9198029557
0,19.1549999714,+1.57114030E+00,,,-33.80329,-58.5753165389,-54.9203152709
0,21.6579999924,+1.57112670E+00,,,-33.76576,-58.5745640745,-54.9231330049
0,24.1619999409,+1.57112670E+00,,,-33.73304,-58.5752584885,-54.9226206897
0,26.6649999619,+1.57114030E+00,,,-33.81959,-58.577109529,-54.9242857143
0,29.1669998169,+1.57113040E+00,,,-33.8101,-58.5757787514,-54.9236453202
0,31.6699998379,+1.57113040E+00,,,-33.82999,-58.5750843373,-54.922364532
0,34.1729998589,+1.57114030E+00,,,-33.82773,-58.5763866375,-54.9204433498
0,36.6759998798,+1.57113410E+00,,,-33.78513,-58.5768784228,-54.9227487685
0,39.1789999008,+1.57111680E+00,,,-33.70138,-58.5774282585,-54.920955665
0,41.6829998493,+1.57111800E+00,,,-33.66211,-58.5773702081,-54.9236453202
0,44.1859998703,+1.57113910E+00,,,-33.62298,-58.5773702081,-54.9196748768
0,46.6889998913,+1.57112180E+00,,,-33.70647,-58.5786725082,-54.9231330049
0,49.1919999123,+1.57112050E+00,,,-33.78072,-58.5782957284,-54.9224926108
0,51.6949999332,+1.57112920E+00,,,-33.79727,-58.5776308872,-54.922364532
0,54.1969997883,+1.57112790E+00,,,-33.7126,-58.5794961665,-54.9187783251
0,56.6999998093,+1.57114030E+00,,,-33.73624,-58.5794238773,-54.9240295567
0,59.2039999962,+1.57114030E+00,,,-33.72462,-58.5795684556,-54.9245418719
0,61.7070000172,+1.57113040E+00,,,-33.6318,-58.5798587076,-54.9246699507
0,64.2089998722,+1.57112180E+00,,,-33.64087,-58.5797864184,-54.9208275862
0,66.7119998932,+1.57113410E+00,,,-33.55833,-58.5805531216,-54.9256945813
0,69.2149999142,+1.57111800E+00,,,-33.65985,-58.5798587076,-54.9232610837
0,71.7179999352,+1.57113170E+00,,,-33.6931,-58.5804085433,-54.9259507389
0,74.2199997902,+1.57112420E+00,,,-33.68856,-58.5795542169,-54.9258226601
0,76.7239999771,+1.57113540E+00,,,-33.62725,-58.5804085433,-54.920955665
0,79.2269999981,+1.57111560E+00,,,-33.63314,-58.580422782,-54.9256945813
0,81.7289998531,+1.57113410E+00,,,-33.63219,-58.5803504929,-54.9245418719
0,84.2319998741,+1.57113790E+00,,,-33.66624,-58.5800898138,-54.9244137931
0,86.7349998951,+1.57113790E+00,,,-33.63901,-58.5804654984,-54.9210837438
0,89.2379999161,+1.57113040E+00,,,-33.62778,-58.5814928806,-54.9249261084
0,91.7409999371,+1.57113910E+00,,,-33.53363,-58.5815071194,-54.9239014778
0,94.2449998856,+1.57113660E+00,,,-33.54231,-58.5819123768,-54.9281280788
0,96.7479999065,+1.57113170E+00,,,-33.47232,-58.5824184009,-54.9241576355
0,99.2509999275,+1.57113410E+00,,,-33.41208,-58.5832431544,-54.9200591133
0,101.753999949,+1.57112670E+00,,,-33.4026,-58.5823899233,-54.9239014778
0,104.256999969,+1.57112300E+00,,,-33.35238,-58.5828817087,-54.9233891626
0,106.75999999,+1.57112050E+00,,,-33.38363,-58.5824337349,-54.9239014778
0,109.263000011,+1.57113910E+00,,,-33.3254,-58.5825060241,-54.9230049261
0,111.76699996,+1.57112790E+00,,,-33.24498,-58.5828532311,-54.9222364532
0,114.269999981,+1.57114280E+00,,,-33.22429,-58.5820711939,-54.9255665025
0,116.773000002,+1.57113660E+00,,,-33.22242,-58.582837897,-54.9240295567
0,119.275999784,+1.57113410E+00,,,-33.31538,-58.582245345,-54.9226206897
0,121.778999805,+1.57112420E+00,,,-33.33649,-58.5826210296,-54.9204433498
0,124.281999826,+1.57112550E+00,,,-33.29829,-58.5827656079,-54.9201871921
0,126.78399992,+1.57112180E+00,,,-33.24486,-58.5828236583,-54.9236453202
0,129.288999796,+1.57114160E+00,,,-33.26823,-58.5829255203,-54.9219802956
0,131.791999817,+1.57113790E+00,,,-33.26864,-58.58249069,-54.9200591133
0,134.294999838,+1.57111560E+00,,,-33.20197,-58.5823176342,-54.9232610837
0,136.797999859,+1.57113790E+00,,,-33.14909,-58.582592552,-54.9235172414
0,139.30099988,+1.57112420E+00,,,-33.05946,-58.5835618839,-54.9267192118
0,141.802999973,+1.57113410E+00,,,-32.97533,-58.5826506024,-54.9281280788
0,144.305999994,+1.57112790E+00,,,-32.91655,-58.5829682366,-54.9267192118
0,146.809999943,+1.57114280E+00,,,-32.97839,-58.5814348302,-54.9314581281
0,149.312999964,+1.57112420E+00,,,-32.91039,-58.582939759,-54.9274876847
0,151.815999985,+1.57112180E+00,,,-32.87058,-58.5834600219,-54.9278719212
0,154.319000006,+1.57113660E+00,,,-32.88007,-58.5823033954,-54.9299211823
0,156.821999788,+1.57113540E+00,,,-32.90878,-58.5814205915,-54.9240295567
0,159.324999809,+1.57114410E+00,,,-32.8985,-58.5815936473,-54.9262068966
0,161.82799983,+1.57112790E+00,,,-32.89864,-58.5819989047,-54.9239014778
0,164.332000017,+1.57113410E+00,,,-32.89223,-58.5825629792,-54.9240295567
0,166.8349998,+1.57113790E+00,,,-32.86551,-58.5821588171,-54.9277438424
0,169.337999821,+1.57112180E+00,,,-32.83906,-58.5816516977,-54.9230049261
0,171.840999842,+1.57114780E+00,,,-32.79085,-58.5830843373,-54.9281280788
0,174.343999863,+1.57113910E+00,,,-32.77282,-58.5830405257,-54.9226206897
0,176.846999884,+1.57115030E+00,,,-32.78724,-58.5832573932,-54.9214679803
0,179.349999905,+1.57112420E+00,,,-32.77428,-58.5817535597,-54.9208275862
0,181.853999853,+1.57114160E+00,,,-32.78337,-58.5818258488,-54.9228768473
0,184.356999874,+1.57112550E+00,,,-32.79859,-58.5835761227,-54.9247980296
0,186.859999895,+1.57114410E+00,,,-32.78724,-58.5828236583,-54.9233891626
0,189.362999916,+1.57113290E+00,,,-32.82491,-58.5829101862,-54.9236453202
0,191.865999937,+1.57114410E+00,,,-32.80968,-58.5834457831,-54.9262068966
0,194.368999958,+1.57113410E+00,,,-32.7843,-58.5841544359,-54.9194187192
0,196.870999813,+1.57112550E+00,,,-32.74744,-58.584762322,-54.9245418719
0,199.375,+1.57114160E+00,,,-32.80219,-58.5841259584,-54.9203152709
0,201.877999783,+1.57112300E+00,,,-32.80874,-58.5843285871,-54.9187783251
0,204.379999876,+1.57113410E+00,,,-32.88808,-58.5842124863,-54.9190344828
0,206.882999897,+1.57113790E+00,,,-32.94098,-58.5846462212,-54.9213399015
0,209.385999918,+1.57114160E+00,,,-32.98961,-58.5852541073,-54.9196748768
0,211.888000011,+1.57113040E+00,,,-32.96716,-58.5827371303,-54.9218522167
0,214.390999794,+1.57112420E+00,,,-32.96154,-58.5837929901,-54.9159605911
0,216.894999981,+1.57114410E+00,,,-32.95888,-58.5838937568,-54.9187783251
0,219.396999836,+1.57113170E+00,,,-32.93324,-58.583286966,-54.9204433498
0,221.899999857,+1.57114280E+00,,,-32.98868,-58.5832573932,-54.9180098522
0,224.40199995,+1.57112550E+00,,,-32.97185,-58.5856878423,-54.9219802956
0,226.904999971,+1.57111930E+00,,,-32.97186,-58.5852541073,-54.9171133005
0,229.407999992,+1.57114280E+00,,,-32.95956,-58.5847042716,-54.9164729064
0,231.909999847,+1.57113290E+00,,,-32.9478,-58.5825783133,-54.9182660099
0,234.414999962,+1.57112300E+00,,,-33.03288,-58.5828817087,-54.9204433498
0,236.917999983,+1.57113410E+00,,,-33.06747,-58.5834019715,-54.9187783251
0,239.419999838,+1.57113660E+00,,,-33.04999,-58.5826210296,-54.9131428571
0,241.922999859,+1.57112180E+00,,,-33.12652,-58.5832573932,-54.915320197
0,244.424999952,+1.57112790E+00,,,-33.15148,-58.5834019715,-54.9155763547
0,246.927999973,+1.57114030E+00,,,-33.16712,-58.5833450164,-54.9125024631
0,249.429999828,+1.57114530E+00,,,-33.19169,-58.5848488499,-54.9162167488
0,251.934000015,+1.57112670E+00,,,-33.28519,-58.5848203724,-54.9126305419
0,254.436999798,+1.57112420E+00,,,-33.37882,-58.5857174151,-54.9176256158
0,256.939999819,+1.57113040E+00,,,-33.40807,-58.5854271632,-54.9204433498
0,259.44299984,+1.57113170E+00,,,-33.44053,-58.5846177437,-54.91608867
0,261.944999933,+1.57113790E+00,,,-33.46658,-58.585543264,-54.9140394089
0,264.447999954,+1.57113410E+00,,,-33.59225,-58.5846462212,-54.915320197
0,266.950999975,+1.57113790E+00,,,-33.6915,-58.5843570646,-54.9159605911
0,269.454999924,+1.57114780E+00,,,-33.7357,-58.5847327492,-54.9172413793
0,271.957999945,+1.57113170E+00,,,-33.66611,-58.5843855422,-54.9123743842
0,274.4599998,+1.57113170E+00,,,-33.64021,-58.584415115,-54.9126305419
0,276.963999987,+1.57114780E+00,,,-33.53349,-58.5849353779,-54.9187783251
0,279.465999842,+1.57113790E+00,,,-33.55794,-58.5846462212,-54.9187783251
0,281.968999863,+1.57113790E+00,,,-33.45255,-58.583720701,-54.918137931
0,284.472999811,+1.57114030E+00,,,-33.43733,-58.5848926616,-54.922364532
0,286.976999998,+1.57113660E+00,,,-33.34476,-58.585890471,-54.915320197
0,289.480000019,+1.57113540E+00,,,-33.29787,-58.5858324206,-54.9200591133
0,291.981999874,+1.57112670E+00,,,-33.26049,-58.5862957284,-54.9183940887
0,294.484999895,+1.57113910E+00,,,-33.19999,-58.5858619934,-54.9204433498
0,296.987999916,+1.57114780E+00,,,-33.19584,-58.584762322,-54.9178817734
0,299.490999937,+1.57114030E+00,,,-33.17607,-58.5860065717,-54.916729064
0,301.993999958,+1.57113540E+00,,,-33.17807,-58.5859485214,-54.9182660099
0,304.498999834,+1.57114030E+00,,,-33.12905,-58.5863242059,-54.9190344828
0,307.000999928,+1.57115150E+00,,,-33.04063,-58.5847907996,-54.9157044335
0,309.503999949,+1.57112300E+00,,,-33.01259,-58.5843570646,-54.9178817734
0,312.006999969,+1.57114650E+00,,,-32.97224,-58.5843570646,-54.9182660099
0,314.508999825,+1.57113410E+00,,,-32.94191,-58.5852245345,-54.9231330049
0,317.011999846,+1.57112050E+00,,,-32.89396,-58.5856013143,-54.9159605911
0,319.514999866,+1.57113170E+00,,,-32.8567,-58.5851675794,-54.9158325123
0,322.018999815,+1.57114900E+00,,,-32.88914,-58.5859189485,-54.9186502463
0,324.520999908,+1.57113170E+00,,,-32.87272,-58.5866429354,-54.9122463054
0,327.023999929,+1.57114280E+00,,,-32.90104,-58.5861511501,-54.9191625616
0,329.525999784,+1.57113410E+00,,,-32.96503,-58.5856593647,-54.915320197
0,332.028999805,+1.57113410E+00,,,-32.98746,-58.5850799562,-54.9176256158
0,334.531999826,+1.57114900E+00,,,-33.00416,-58.5858324206,-54.9199310345
0,337.03399992,+1.57112300E+00,,,-33.00056,-58.5868159912,-54.9210837438
0,339.537999868,+1.57113410E+00,,,-32.98561,-58.5865268346,-54.9191625616
0,342.040999889,+1.57113790E+00,,,-32.95102,-58.5860930997,-54.9172413793
0,344.54399991,+1.57112300E+00,,,-32.9331,-58.5845881709,-54.916729064
0,347.046999931,+1.57113660E+00,,,-32.86578,-58.5849649507,-54.9173694581
0,349.549999952,+1.57113290E+00,,,-32.78191,-58.5846757941,-54.9187783251
0,352.051999807,+1.57112790E+00,,,-32.78109,-58.5849934283,-54.9177536946
0,354.555999994,+1.57111680E+00,,,-32.84947,-58.5854271632,-54.9177536946
0,357.059999943,+1.57113910E+00,,,-32.9339,-58.5853121577,-54.9150640394
0,359.562999964,+1.57113790E+00,,,-32.89209,-58.5845739321,-54.9164729064
0,362.065999985,+1.57114900E+00,,,-32.9152,-58.5846757941,-54.9159605911
0,364.56799984,+1.57113410E+00,,,-32.97332,-58.5844435926,-54.9137832512
0,367.070999861,+1.57114650E+00,,,-32.93553,-58.5856013143,-54.911862069
0,369.573999882,+1.57113540E+00,,,-32.83573,-58.5846462212,-54.9148078818
0,372.076999903,+1.57114900E+00,,,-32.80954,-58.5849649507,-54.9117339901
0,374.580999851,+1.57114030E+00,,,-32.81996,-58.5849649507,-54.9140394089
0,377.083999872,+1.57115030E+00,,,-32.76815,-58.585109529,-54.915320197
0,379.586999893,+1.57114160E+00,,,-32.7278,-58.5856297919,-54.9155763547
0,382.089999914,+1.57114900E+00,,,-32.71377,-58.5838937568,-54.9150640394
0,384.592999935,+1.57113170E+00,,,-32.7417,-58.5849069003,-54.9177536946
0,387.09499979,+1.57113910E+00,,,-32.81662,-58.5856013143,-54.9182660099
0,389.597999811,+1.57114410E+00,,,-32.81996,-58.5850514786,-54.9166009852
0,392.102999926,+1.57112790E+00,,,-32.82597,-58.585543264,-54.9125024631
0,394.605000019,+1.57114160E+00,,,-32.69242,-58.5857743702,-54.9158325123
0,397.106999874,+1.57112050E+00,,,-32.63418,-58.5853986857,-54.9204433498
0,399.609999895,+1.57114280E+00,,,-32.58996,-58.5841259584,-54.9203152709
0,402.112999916,+1.57114410E+00,,,-32.6124,-58.585543264,-54.914679803
0,404.615999937,+1.57113410E+00,,,-32.62791,-58.5853986857,-54.9137832512
0,407.117999792,+1.57112300E+00,,,-32.64045,-58.5848784228,-54.9145517241
0,409.621999979,+1.57114160E+00,,,-32.6689,-58.5862234392,-54.9137832512
0,412.125,+1.57113660E+00,,,-32.7608,-58.5860350493,-54.9145517241
0,414.626999855,+1.57114650E+00,,,-32.83505,-58.5854271632,-54.9073793103
0,417.129999876,+1.57113910E+00,,,-32.93122,-58.5857743702,-54.911862069
0,419.632999897,+1.57113410E+00,,,-32.96009,-58.5864687842,-54.9125024631
0,422.135999918,+1.57114410E+00,,,-32.88714,-58.5852825849,-54.9114778325
0,424.638000011,+1.57113290E+00,,,-32.87633,-58.5849934283,-54.9095566502
0,427.142999887,+1.57115030E+00,,,-32.91199,-58.5857458927,-54.9122463054
0,429.644999981,+1.57114030E+00,,,-32.92348,-58.585543264,-54.9099408867
0,432.148000002,+1.57112790E+00,,,-32.95916,-58.585803943,-54.9060985222
0,434.650999784,+1.57114900E+00,,,-32.9554,-58.5846462212,-54.9078916256
0,437.153999805,+1.57114160E+00,,,-32.9999,-58.5847907996,-54.9082758621
0,439.655999899,+1.57113410E+00,,,-32.86338,-58.585890471,-54.9110935961
0,442.15899992,+1.57114900E+00,,,-32.80272,-58.5866133625,-54.9133990148
0,444.662999868,+1.57114530E+00,,,-32.71911,-58.5869605696,-54.9030246305
0,447.165999889,+1.57112670E+00,,,-32.69776,-58.5864687842,-54.9095566502
0,449.66899991,+1.57114280E+00,,,-32.68452,-58.5859769989,-54.9036650246
0,452.171999931,+1.57114650E+00,,,-32.70029,-58.5857743702,-54.9066108374
0,454.674999952,+1.57112670E+00,,,-32.68961,-58.585890471,-54.9067389163
0,457.177999973,+1.57114900E+00,,,-32.67438,-58.5851675794,-54.9107093596
0,459.680999994,+1.57114410E+00,,,-32.71898,-58.5845312158,-54.9037931034
0,462.184999943,+1.57115030E+00,,,-32.75011,-58.5852825849,-54.904817734
0,464.687999964,+1.57113170E+00,,,-32.78202,-58.5857743702,-54.9058423645
0,467.190999985,+1.57114900E+00,,,-32.76988,-58.5858324206,-54.9084039409
0,469.694000006,+1.57115030E+00,,,-32.73809,-58.5867009858,-54.9012315271
0,472.195999861,+1.57112300E+00,,,-32.69682,-58.5868159912,-54.9027684729
0,474.698999882,+1.57114900E+00,,,-32.65101,-58.5861796276,-54.904817734
0,477.200999975,+1.57114650E+00,,,-32.68948,-58.5859769989,-54.9057142857
0,479.704999924,+1.57113910E+00,,,-32.80261,-58.5864403067,-54.9084039409
0,482.207999945,+1.57113540E+00,,,-32.84174,-58.588060241,-54.9084039409
0,484.710999966,+1.57113040E+00,,,-32.69895,-58.5880317634,-54.9054581281
0,487.212999821,+1.57114650E+00,,,-32.64406,-58.5874819277,-54.9025123153
0,489.715999842,+1.57113790E+00,,,-32.60345,-58.5879441402,-54.9073793103
0,492.217999935,+1.57113170E+00,,,-32.52678,-58.5868740416,-54.9082758621
0,494.721999884,+1.57112790E+00,,,-32.46776,-58.5866714129,-54.9026403941
0,497.225999832,+1.57112180E+00,,,-32.51343,-58.5862957284,-54.9068669951
0,499.727999926,+1.57114780E+00,,,-32.48965,-58.5873077766,-54.9040492611
0,502.230999947,+1.57114280E+00,,,-32.52866,-58.588060241,-54.9081477833
0,504.733999968,+1.57112300E+00,,,-32.57526,-58.5879441402,-54.9068669951
0,507.235999823,+1.57114530E+00,,,-32.58675,-58.5870624315,-54.907635468
0,509.738999844,+1.57113540E+00,,,-32.56874,-58.5873953998,-54.9082758621
0,512.241999865,+1.57115270E+00,,,-32.4775,-58.5862661555,-54.9072512315
0,514.745999813,+1.57114650E+00,,,-32.40658,-58.5869901424,-54.907635468
0,517.248999834,+1.57114030E+00,,,-32.4532,-58.5847042716,-54.907635468
0,519.751999855,+1.57113660E+00,,,-32.43624,-58.5863822563,-54.9100689655
0,522.254999876,+1.57112300E+00,,,-32.38948,-58.5857458927,-54.9032807882
0,524.757999897,+1.57113790E+00,,,-32.28865,-58.5859189485,-54.9041773399
0,527.260999918,+1.57113790E+00,,,-32.26073,-58.5861511501,-54.9058423645
0,529.763999939,+1.57113040E+00,,,-32.25619,-58.5860635268,-54.9025123153
0,532.268999815,+1.57112790E+00,,,-32.31989,-58.5855147864,-54.9067389163
0,534.770999908,+1.57113040E+00,,,-32.32724,-58.586584885,-54.8912315271
0,537.273999929,+1.57113040E+00,,,-32.31121,-58.5864107338,-54.8979014778
0,539.77699995,+1.57115270E+00,,,-32.32564,-58.5872497262,-54.8971330049
0,542.278999805,+1.57113910E+00,,,-32.4194,-58.5862957284,-54.8962364532
0,544.781999826,+1.57113910E+00,,,-32.36237,-58.586237678,-54.8962364532
0,547.284999847,+1.57114160E+00,,,-32.39443,-58.5856297919,-54.9004630542
0,549.788999796,+1.57113040E+00,,,-32.37398,-58.5860635268,-54.8972610837
0,552.291999817,+1.57114650E+00,,,-32.36785,-58.5873658269,-54.8968768473
0,554.79399991,+1.57114160E+00,,,-32.35542,-58.5863822563,-54.9027684729
0,557.296999931,+1.57112670E+00,,,-32.343,-58.587973713,-54.8989261084
0,559.799999952,+1.57114650E+00,,,-32.39884,-58.588060241,-54.9027684729
0,562.301999807,+1.57113910E+00,,,-32.40698,-58.5876549836,-54.8981576355
0,564.805999994,+1.57114280E+00,,,-32.42848,-58.5874238773,-54.9023842365
0,567.309999943,+1.57113790E+00,,,-32.37265,-58.5863242059,-54.8959802956
0,569.812999964,+1.57113660E+00,,,-32.45868,-58.5875399781,-54.8916157635
0,572.314999819,+1.57112180E+00,,,-32.42621,-58.5877426068,-54.8979014778
0,574.81799984,+1.57112920E+00,,,-32.48364,-58.5869901424,-54.8984137931
0,577.320999861,+1.57114900E+00,,,-32.44971,-58.5879156627,-54.902
0,579.823999882,+1.57113910E+00,,,-32.42128,-58.5875969332,-54.9012315271
0,582.325999975,+1.57112790E+00,,,-32.42555,-58.5870481928,-54.9017438424
0,584.829999924,+1.57113910E+00,,,-32.46869,-58.5862092004,-54.8987980296
0,587.332999945,+1.57114530E+00,,,-32.43396,-58.5861796276,-54.8999507389
0,589.835999966,+1.57112920E+00,,,-32.3939,-58.5855717415,-54.8984137931
0,592.338999987,+1.57114900E+00,,,-32.34046,-58.5852245345,-54.8981576355
0,594.842000008,+1.57112920E+00,,,-32.39283,-58.5857743702,-54.8973891626
0,597.34499979,+1.57114780E+00,,,-32.40619,-58.585803943,-54.9004630542
0,599.847999811,+1.57114650E+00,,,-32.45359,-58.5861796276,-54.8986699507
0,602.351999998,+1.57113910E+00,,,-32.51289,-58.5851675794,-54.8953399015
0,604.855000019,+1.57112420E+00,,,-32.50542,-58.5863537788,-54.9012315271
0,607.357999802,+1.57114530E+00,,,-32.58569,-58.585456736,-54.8968768473
0,609.859999895,+1.57113660E+00,,,-32.64006,-58.5862957284,-54.9009753695
0,612.362999916,+1.57113290E+00,,,-32.63845,-58.5853986857,-54.897773399
0,614.86500001,+1.57114530E+00,,,-32.6275,-58.5852245345,-54.8948275862
0,617.368999958,+1.57112550E+00,,,-32.61026,-58.5855147864,-54.8964926108
0,619.871999979,+1.57114280E+00,,,-32.57941,-58.5875969332,-54.8939310345
0,622.375,+1.57113290E+00,,,-32.62069,-58.5862092004,-54.8914876847
0,624.877999783,+1.57114900E+00,,,-32.67691,-58.5867579409,-54.8948275862
0,627.379999876,+1.57112790E+00,,,-32.67892,-58.5859189485,-54.8911034483
0,629.882999897,+1.57114160E+00,,,-32.69202,-58.585196057,-54.8907192118
0,632.38499999,+1.57113040E+00,,,-32.69028,-58.5856297919,-54.8917438424
0,634.888000011,+1.57113790E+00,,,-32.7453,-58.5866429354,-54.8913596059
0,637.39199996,+1.57114030E+00,,,-32.73902,-58.5862092004,-54.8932807882
0,639.893999815,+1.57114160E+00,,,-32.7071,-58.5872212486,-54.8907192118
0,642.396999836,+1.57115030E+00,,,-32.74263,-58.5871631982,-54.8932807882
0,644.900999784,+1.57113660E+00,,,-32.80741,-58.5863537788,-54.8909753695
0,647.402999878,+1.57114650E+00,,,-32.84173,-58.5863537788,-54.8955960591
0,649.905999899,+1.57113660E+00,,,-32.81892,-58.5874819277,-54.8911034483
0,652.40899992,+1.57113290E+00,,,-32.84056,-58.5865564074,-54.8941871921
0,654.911999941,+1.57114160E+00,,,-32.83841,-58.5867294633,-54.8882857143
0,657.414999962,+1.57112920E+00,,,-32.81517,-58.5865268346,-54.8961083744
0,659.917999983,+1.57114530E+00,,,-32.81329,-58.5865564074,-54.8894384236
0,662.421000004,+1.57113910E+00,,,-32.80888,-58.586237678,-54.8925123153
0,664.924999952,+1.57113040E+00,,,-32.78952,-58.5845016429,-54.8973891626
0,667.426999807,+1.57114030E+00,,,-32.77268,-58.5850514786,-54.8950837438
0,669.930999994,+1.57113540E+00,,,-32.67864,-58.5861511501,-54.8967487685
0,672.434000015,+1.57112050E+00,,,-32.67291,-58.5855717415,-54.8927684729
0,674.936999798,+1.57114030E+00,,,-32.59611,-58.586584885,-54.8958522167
0,677.439999819,+1.57113410E+00,,,-32.50235,-58.5856878423,-54.8936748768
0,679.94299984,+1.57115150E+00,,,-32.4926,-58.585890471,-54.8940591133
0,682.444999933,+1.57113540E+00,,,-32.454,-58.5849649507,-54.8976453202
0,684.948999882,+1.57115030E+00,,,-32.32792,-58.585456736,-54.8940591133
0,687.450999975,+1.57113660E+00,,,-32.44677,-58.5870481928,-54.893408867
0,689.95299983,+1.57112550E+00,,,-32.50703,-58.5861511501,-54.8940591133
0,692.455999851,+1.57114530E+00,,,-32.51972,-58.5862092004,-54.8958522167
0,694.958999872,+1.57113040E+00,,,-32.66704,-58.5875399781,-54.8945714286
0,697.461999893,+1.57113660E+00,,,-32.67291,-58.58832092,-54.8917438424
0,699.964999914,+1.57114030E+00,,,-32.74517,-58.5873373494,-54.8925123153
0,702.467000008,+1.57114780E+00,,,-32.69602,-58.5873373494,-54.8917438424
0,704.96999979,+1.57113290E+00,,,-32.59397,-58.5882913472,-54.8861083744
0,707.473999977,+1.57113410E+00,,,-32.57967,-58.5873373494,-54.8930246305
0,709.975999832,+1.57114650E+00,,,-32.56285,-58.5884359255,-54.8938029557
0,712.478999853,+1.57113660E+00,,,-32.59625,-58.5883789704,-54.8961083744
0,714.981999874,+1.57115770E+00,,,-32.68587,-58.5872497262,-54.8932807882
0,717.484999895,+1.57114030E+00,,,-32.69615,-58.5875969332,-54.8855960591
0,719.987999916,+1.57114030E+00,,,-32.82266,-58.5871927711,-54.8876453202
0,722.49000001,+1.57113790E+00,,,-32.87941,-58.5865564074,-54.8886699507
0,724.993999958,+1.57115150E+00,,,-32.97291,-58.5853986857,-54.8902068966
0,727.496999979,+1.57113910E+00,,,-32.86981,-58.5859769989,-54.8845714286
0,730.0,+1.57114650E+00,,,-32.85779,-58.5867294633,-54.8864926108
0,732.501999855,+1.57113910E+00,,,-32.90387,-58.5871631982,-54.8868768473
0,735.004999876,+1.57113790E+00,,,-32.8881,-58.5874523549,-54.8909753695
0,737.507999897,+1.57112300E+00,,,-32.93805,-58.5869036145,-54.8839310345
0,740.011999846,+1.57114530E+00,,,-32.83454,-58.5871051479,-54.8820098522
0,742.514999866,+1.57113790E+00,,,-32.8447,-58.5871927711,-54.8853399015
0,745.017999887,+1.57112790E+00,,,-32.81251,-58.5871631982,-54.8907192118
0,747.520999908,+1.57114280E+00,,,-32.82814,-58.5863242059,-54.8884137931
0,750.023999929,+1.57113170E+00,,,-32.77082,-58.5865268346,-54.8912315271
0,752.525999784,+1.57112550E+00,,,-32.85871,-58.5863242059,-54.8896945813
0,755.029999971,+1.57113290E+00,,,-32.87261,-58.5868159912,-54.8894384236
0,757.532999992,+1.57114160E+00,,,-32.81249,-58.5867579409,-54.889182266
0,760.034999847,+1.57112670E+00,,,-32.84657,-58.5881467689,-54.8912315271
0,762.537999868,+1.57113410E+00,,,-32.84457,-58.5871347207,-54.8889261084
0,765.040999889,+1.57114160E+00,,,-32.85044,-58.5860635268,-54.8868768473
0,767.542999983,+1.57112920E+00,,,-32.85445,-58.5868159912,-54.8894384236
0,770.046999931,+1.57114530E+00,,,-32.92604,-58.5869901424,-54.8890541872
0,772.548999786,+1.57113660E+00,,,-32.86993,-58.5874819277,-54.8858522167
0,775.052999973,+1.57112920E+00,,,-32.77591,-58.5877710843,-54.8850837438
0,777.555999994,+1.57114160E+00,,,-32.75334,-58.5883493976,-54.8867487685
0,780.057999849,+1.57113910E+00,,,-32.79273,-58.5885235487,-54.8881576355
0,782.561999798,+1.57113170E+00,,,-32.87034,-58.5875684556,-54.8884137931
0,785.064999819,+1.57114410E+00,,,-32.83027,-58.5882048193,-54.889182266
0,787.56799984,+1.57113410E+00,,,-32.80502,-58.5879156627,-54.8881576355
0,790.070999861,+1.57113290E+00,,,-32.79995,-58.587973713,-54.8843152709
0,792.574999809,+1.57114030E+00,,,-32.82239,-58.5878291347,-54.8894384236
0,795.076999903,+1.57115030E+00,,,-32.82692,-58.5874523549,-54.8896945813
0,797.580999851,+1.57112920E+00,,,-32.84122,-58.5870481928,-54.8879014778
0,800.083999872,+1.57112550E+00,,,-32.77138,-58.5881763417,-54.8881576355
0,802.585999966,+1.57113910E+00,,,-32.76015,-58.5884359255,-54.8884137931
0,805.088999987,+1.57113170E+00,,,-32.75708,-58.5888127054,-54.8864926108
0,807.592000008,+1.57113910E+00,,,-32.81051,-58.587973713,-54.8922561576
0,810.095999956,+1.57114160E+00,,,-32.82413,-58.5882771084,-54.8868768473
0,812.598999977,+1.57112300E+00,,,-32.87021,-58.5877995619,-54.8896945813
0,815.101999998,+1.57114780E+00,,,-32.79273,-58.5880317634,-54.8861083744
0,817.605000019,+1.57113540E+00,,,-32.81852,-58.5877710843,-54.8884137931
0,820.107999802,+1.57114280E+00,,,-32.90266,-58.5874523549,-54.8871330049
0,822.610999823,+1.57113290E+00,,,-32.93886,-58.5859769989,-54.8867487685
0,825.113999844,+1.57114530E+00,,,-32.96183,-58.5865268346,-54.8822660099
0,827.617999792,+1.57114650E+00,,,-33.02728,-58.5881763417,-54.886364532
0,830.120999813,+1.57114900E+00,,,-33.06,-58.5871347207,-54.8845714286
0,832.623999834,+1.57113660E+00,,,-32.98294,-58.5884654984,-54.8872610837
0,835.126999855,+1.57114410E+00,,,-32.96892,-58.5875104053,-54.8882857143
0,837.628999949,+1.57113540E+00,,,-32.98454,-58.5878871851,-54.8902068966
0,840.131999969,+1.57115270E+00,,,-32.95435,-58.5876845564,-54.8909753695
0,842.63499999,+1.57113910E+00,,,-33.0524,-58.5866429354,-54.889182266
0,845.138999939,+1.57114650E+00,,,-33.05319,-58.5860065717,-54.8873891626
0,847.64199996,+1.57113170E+00,,,-33.02661,-58.5864107338,-54.8867487685
0,850.143999815,+1.57114650E+00,,,-33.00271,-58.5871347207,-54.8886699507
0,852.648000002,+1.57113540E+00,,,-33.04049,-58.5867294633,-54.8879014778
0,855.149999857,+1.57114410E+00,,,-32.93673,-58.585890471,-54.8875172414
0,857.652999878,+1.57113290E+00,,,-32.88583,-58.5864260679,-54.8845714286
0,860.155999899,+1.57114900E+00,,,-32.8678,-58.5871347207,-54.889182266
0,862.659999847,+1.57114160E+00,,,-32.8726,-58.5864403067,-54.8894384236
0,865.162999868,+1.57114160E+00,,,-32.83615,-58.5873953998,-54.8881576355
0,867.665999889,+1.57112300E+00,,,-32.77227,-58.586584885,-54.8879014778
0,870.16899991,+1.57114410E+00,,,-32.688,-58.5881182913,-54.8896945813
0,872.671000004,+1.57113790E+00,,,-32.66877,-58.5882913472,-54.8896945813
0,875.173999786,+1.57113290E+00,,,-32.65635,-58.5882913472,-54.8868768473
0,877.676999807,+1.57114650E+00,,,-32.54536,-58.5886681271,-54.8857241379
0,880.180999994,+1.57113290E+00,,,-32.46762,-58.5876845564,-54.8858522167
0,882.684000015,+1.57113660E+00,,,-32.4381,-58.588754655,-54.8838029557
0,885.18599987,+1.57114900E+00,,,-32.35181,-58.5892749179,-54.8916157635
0,887.688999891,+1.57113910E+00,,,-32.28424,-58.5897382256,-54.8895665025
0,890.191999912,+1.57113910E+00,,,-32.30361,-58.5893910186,-54.8867487685
0,892.694999933,+1.57113170E+00,,,-32.35409,-58.5873373494,-54.8886699507
0,895.197999954,+1.57114160E+00,,,-32.3772,-58.5891883899,-54.8871330049
0,897.701999903,+1.57113290E+00,,,-32.37493,-58.5884654984,-54.8850837438
0,900.204999924,+1.57114160E+00,,,-32.4178,-58.5874819277,-54.8850837438
0,902.707999945,+1.57112420E+00,,,-32.39174,-58.5885815991,-54.8848275862
0,905.210999966,+1.57114900E+00,,,-32.40111,-58.588060241,-54.8881576355
0,907.712999821,+1.57113410E+00,,,-32.38508,-58.5883493976,-54.8832906404
0,910.215999842,+1.57113410E+00,,,-32.44651,-58.5877995619,-54.8876453202
0,912.718999863,+1.57114900E+00,,,-32.41941,-58.5873077766,-54.8928965517
0,915.222999811,+1.57114780E+00,,,-32.40004,-58.5870766703,-54.8899507389
0,917.725999832,+1.57113660E+00,,,-32.37333,-58.5871347207,-54.8871330049
0,920.228999853,+1.57113040E+00,,,-32.34554,-58.5864107338,-54.8898226601
0,922.731999874,+1.57115150E+00,,,-32.27356,-58.5864107338,-54.886364532
0,925.234999895,+1.57113410E+00,,,-32.33019,-58.5873373494,-54.8868768473
0,927.737999916,+1.57114530E+00,,,-32.37733,-58.5882913472,-54.8858522167
0,930.240999937,+1.57113170E+00,,,-32.39136,-58.5872212486,-54.8850837438
0,932.744999886,+1.57114530E+00,,,-32.33979,-58.5876549836,-54.8854679803
0,935.246999979,+1.57114410E+00,,,-32.34621,-58.587713034,-54.8822660099
0,937.75,+1.57113790E+00,,,-32.30107,-58.5893625411,-54.8855960591
0,940.252999783,+1.57114030E+00,,,-32.26486,-58.5889288061,-54.8894384236
0,942.755999804,+1.57114280E+00,,,-32.18152,-58.5882343921,-54.8898226601
0,945.258999825,+1.57112790E+00,,,-32.11901,-58.5885235487,-54.8922561576
0,947.763000011,+1.57114280E+00,,,-32.14988,-58.5879441402,-54.8911034483
0,950.265999794,+1.57114280E+00,,,-32.23803,-58.5877995619,-54.8914876847
0,952.769999981,+1.57112790E+00,,,-32.19662,-58.5882628697,-54.8884137931
0,955.271999836,+1.57114160E+00,,,-32.16991,-58.589101862,-54.8873891626
0,957.773999929,+1.57113910E+00,,,-32.14291,-58.5880887185,-54.8879014778
0,960.27699995,+1.57115400E+00,,,-32.15721,-58.5880317634,-54.8870049261
0,962.779999971,+1.57113540E+00,,,-32.22252,-58.5879441402,-54.8834187192
0,965.282999992,+1.57115030E+00,,,-32.22065,-58.5884359255,-54.8868768473
0,967.786999941,+1.57114280E+00,,,-32.1886,-58.5888411829,-54.8871330049
0,970.288999796,+1.57112550E+00,,,-32.12182,-58.5885520263,-54.8871330049
0,972.791999817,+1.57113790E+00,,,-32.06813,-58.5888127054,-54.8943152709
0,975.294999838,+1.57115520E+00,,,-32.08136,-58.5886966046,-54.8917438424
0,977.796999931,+1.57113660E+00,,,-32.11167,-58.5884359255,-54.8887980296
0,980.299999952,+1.57113290E+00,,,-32.07534,-58.588754655,-54.8811133005
0,982.802999973,+1.57114410E+00,,,-31.90011,-58.5879441402,-54.883546798
0,985.306999922,+1.57113410E+00,,,-31.81382,-58.5869605696,-54.8850837438
0,987.809999943,+1.57114780E+00,,,-31.76973,-58.5873953998,-54.8871330049
0,990.312999964,+1.57113040E+00,,,-31.77135,-58.5873077766,-54.8858522167
0,992.814999819,+1.57114410E+00,,,-31.72873,-58.5876845564,-54.8873891626
0,995.31799984,+1.57113790E+00,,,-31.79927,-58.5881182913,-54.8914876847
0,997.820999861,+1.57114280E+00,,,-31.89489,-58.5884654984,-54.8838029557
0,1000.32399988,+1.57114780E+00,,,-31.81703,-58.589101862,-54.8861083744
0,1002.82799983,+1.57113290E+00,,,-31.71712,-58.5888707558,-54.8904630542
0,1005.33099985,+1.57113290E+00,,,-31.7083,-58.5893625411,-54.8889261084
0,1007.83399987,+1.57115030E+00,,,-31.63551,-58.590143483,-54.8872610837
0,1010.33699989,+1.57114410E+00,,,-31.62229,-58.5895355969,-54.8838029557
0,1012.83899999,+1.57114900E+00,,,-31.57915,-58.587973713,-54.8831625616
0,1015.34200001,+1.57114530E+00,,,-31.55884,-58.5875684556,-54.8827783251
0,1017.84499979,+1.57113040E+00,,,-31.53387,-58.5873373494,-54.8850837438
0,1020.34899998,+1.57114030E+00,,,-31.55524,-58.5885520263,-54.8838029557
0,1022.852,+1.57114030E+00,,,-31.50982,-58.5883789704,-54.8812413793
0,1025.35399985,+1.57113290E+00,,,-31.45185,-58.5888411829,-54.8826502463
0,1027.85699987,+1.57112920E+00,,,-31.40831,-58.5889857612,-54.8843152709
0,1030.3599999,+1.57114410E+00,,,-31.46749,-58.5892179628,-54.8827783251
0,1032.86199999,+1.57113040E+00,,,-31.52398,-58.5888127054,-54.8840591133
0,1035.36500001,+1.57114160E+00,,,-31.56164,-58.5885235487,-54.8826502463
0,1037.86899996,+1.57113660E+00,,,-31.57019,-58.5883789704,-54.8844433498
0,1040.37099981,+1.57114900E+00,,,-31.63325,-58.5882628697,-54.8804729064
0,1042.875,+1.57114410E+00,,,-31.75412,-58.5881763417,-54.8803448276
0,1045.37799978,+1.57113540E+00,,,-31.85763,-58.5890438116,-54.88008867
0,1047.87999988,+1.57115270E+00,,,-31.82944,-58.5885235487,-54.8776551724
0,1050.3829999,+1.57113540E+00,,,-31.74945,-58.5893625411,-54.8789359606
0,1052.88599992,+1.57112790E+00,,,-31.72432,-58.5882628697,-54.8820098522
0,1055.38899994,+1.57114900E+00,,,-31.76868,-58.5890153341,-54.87791133
0,1057.89199996,+1.57112550E+00,,,-31.8428,-58.589449069,-54.8768866995
0,1060.39399981,+1.57114160E+00,,,-31.8496,-58.5887831325,-54.8797044335
0,1062.89699984,+1.57114530E+00,,,-31.82864,-58.5875684556,-54.8756059113
0,1065.39999986,+1.57112420E+00,,,-31.84922,-58.5884654984,-54.8747093596
0,1067.90299988,+1.57114030E+00,,,-31.83157,-58.5878291347,-54.8768866995
0,1070.40499997,+1.57113040E+00,,,-31.82143,-58.5877426068,-54.87791133
0,1072.90899992,+1.57114410E+00,,,-31.86644,-58.587279299,-54.8845714286
0,1075.41100001,+1.57114780E+00,,,-31.95272,-58.5876845564,-54.8794482759
0,1077.9139998,+1.57114650E+00,,,-31.92989,-58.5882343921,-54.8827783251
0,1080.41699982,+1.57113660E+00,,,-31.91426,-58.5872497262,-54.8812413793
0,1082.91899991,+1.57114160E+00,,,-31.92909,-58.5881763417,-54.8773990148
0,1085.42199993,+1.57114160E+00,,,-31.94644,-58.588060241,-54.8789359606
0,1087.92499995,+1.57113540E+00,,,-31.90785,-58.5878291347,-54.8749655172
0,1090.4289999,+1.57113540E+00,,,-31.95539,-58.5881467689,-54.8753497537
0,1092.93199992,+1.57114160E+00,,,-31.93256,-58.5884359255,-54.883546798
0,1095.43400002,+1.57113540E+00,,,-31.88167,-58.5877710843,-54.8809852217
0,1097.9369998,+1.57113040E+00,,,-31.88835,-58.5886100767,-54.8868768473
0,1100.44099998,+1.57114160E+00,,,-31.89597,-58.588407448,-54.8825221675
0,1102.94299984,+1.57112550E+00,,,-31.84721,-58.5896221249,-54.8829064039
0,1105.44599986,+1.57114530E+00,,,-31.91198,-58.5886243154,-54.8830344828
0,1107.94899988,+1.57114410E+00,,,-31.94618,-58.5877426068,-54.8794482759
0,1110.45099998,+1.57114900E+00,,,-31.9781,-58.5878576123,-54.8806009852
0,1112.954,+1.57113410E+00,,,-31.97703,-58.5880887185,-54.8771428571
0,1115.45700002,+1.57114280E+00,,,-31.95994,-58.5878576123,-54.8825221675
0,1117.95899987,+1.57114280E+00,,,-31.96275,-58.5892464403,-54.87791133
0,1120.46099997,+1.57113790E+00,,,-31.98491,-58.5892749179,-54.8777832512
0,1122.96399999,+1.57114650E+00,,,-31.90704,-58.5891883899,-54.8773990148
0,1125.46799994,+1.57114650E+00,,,-31.8221,-58.5898828039,-54.8785517241
0,1127.96999979,+1.57113540E+00,,,-31.75611,-58.5896801752,-54.8745812808
0,1130.47299981,+1.57113540E+00,,,-31.76534,-58.5897382256,-54.8823940887
0,1132.97599983,+1.57114650E+00,,,-31.81755,-58.5897677985,-54.8789359606
0,1135.47899985,+1.57114280E+00,,,-31.84027,-58.5897382256,-54.875862069
0,1137.98099995,+1.57112670E+00,,,-31.8762,-58.5897677985,-54.8809852217
0,1140.48399997,+1.57113790E+00,,,-31.84668,-58.5897677985,-54.8802167488
0,1142.98799992,+1.57114650E+00,,,-31.87794,-58.5884359255,-54.8784236453
0,1145.49000001,+1.57113410E+00,,,-31.90784,-58.5882628697,-54.8773990148
0,1147.99399996,+1.57114530E+00,,,-31.94751,-58.5890733844,-54.8797044335
0,1150.49699998,+1.57113040E+00,,,-31.90064,-58.588754655,-54.8743251232
0,1152.99899983,+1.57113660E+00,,,-31.94471,-58.5888411829,-54.8756059113
0,1155.50199986,+1.57115270E+00,,,-32.04436,-58.58832092,-54.8817536946
0,1158.00499988,+1.57113790E+00,,,-32.0095,-58.58832092,-54.8771428571
0,1160.5079999,+1.57113410E+00,,,-32.00255,-58.5886966046,-54.8788078818
0,1163.01099992,+1.57112550E+00,,,-32.0175,-58.5879156627,-54.8780394089
0,1165.51399994,+1.57113170E+00,,,-32.00856,-58.5882628697,-54.8762463054
0,1168.01599979,+1.57114160E+00,,,-31.98585,-58.587626506,-54.8802167488
0,1170.51999998,+1.57113540E+00,,,-31.92187,-58.5891599124,-54.875862069
0,1173.02199984,+1.57114280E+00,,,-31.94004,-58.5880887185,-54.8766305419
0,1175.52399993,+1.57113040E+00,,,-31.88622,-58.5878871851,-54.8747093596
0,1178.02799988,+1.57114030E+00,,,-31.91385,-58.5888127054,-54.8822660099
0,1180.52999997,+1.57112550E+00,,,-31.88982,-58.5890438116,-54.8784236453
0,1183.03399992,+1.57114780E+00,,,-31.93976,-58.5893044907,-54.8791921182
0,1185.53600001,+1.57113660E+00,,,-31.8173,-58.5876549836,-54.8795763547
0,1188.03799987,+1.57114280E+00,,,-31.89209,-58.5882628697,-54.8776551724
0,1190.54099989,+1.57114160E+00,,,-31.93576,-58.5888411829,-54.8733004926
0,1193.04299998,+1.57113290E+00,,,-31.92641,-58.5881467689,-54.8740689655
0,1195.54699993,+1.57111800E+00,,,-31.91574,-58.5879156627,-54.8748374384
0,1198.04999995,+1.57114410E+00,,,-31.85095,-58.5887261774,-54.8740689655
0,1200.55199981,+1.57112670E+00,,,-31.82797,-58.5887831325,-54.878679803
0,1203.05599999,+1.57113660E+00,,,-31.8957,-58.5877710843,-54.8767586207
0,1205.55900002,+1.57115400E+00,,,-31.95794,-58.587713034,-54.8722758621
0,1208.06099987,+1.57114410E+00,,,-31.98052,-58.58832092,-54.8729162562
0,1210.56399989,+1.57114280E+00,,,-31.98211,-58.5879441402,-54.8804729064
0,1213.06699991,+1.57114410E+00,,,-32.0087,-58.5872212486,-54.8768866995
0,1215.56900001,+1.57113540E+00,,,-31.99773,-58.587713034,-54.8747093596
0,1218.07199979,+1.57113660E+00,,,-31.96915,-58.5873373494,-54.8767586207
0,1220.57499981,+1.57114030E+00,,,-31.9781,-58.5871631982,-54.8754778325
0,1223.07799983,+1.57113410E+00,,,-31.9952,-58.5880887185,-54.8781674877
0,1225.57999992,+1.57112920E+00,,,-32.04902,-58.5875104053,-54.8735566502
0,1228.08299994,+1.57114030E+00,,,-32.01123,-58.588754655,-54.8781674877
0,1230.58699989,+1.57113410E+00,,,-31.9908,-58.5887404162,-54.8762463054
0,1233.08999991,+1.57115030E+00,,,-31.97757,-58.5890733844,-54.8745812808
0,1235.59200001,+1.57113660E+00,,,-31.96808,-58.5890153341,-54.8759901478
0,1238.09499979,+1.57113290E+00,,,-31.91359,-58.5882343921,-54.8725320197
0,1240.59799981,+1.57115150E+00,,,-31.8921,-58.5887261774,-54.8739408867
0,1243.10099983,+1.57113660E+00,,,-31.89689,-58.5891303395,-54.8750935961
0,1245.60399985,+1.57114780E+00,,,-31.92228,-58.5895651698,-54.8784236453
0,1248.10699987,+1.57113540E+00,,,-32.09377,-58.5897382256,-54.8789359606
0,1250.6099999,+1.57113540E+00,,,-32.18379,-58.5896221249,-54.8745812808
0,1253.11299992,+1.57114280E+00,,,-32.24778,-58.588407448,-54.8718916256
0,1255.61599994,+1.57114030E+00,,,-32.32056,-58.5888127054,-54.8753497537
0,1258.11899996,+1.57114780E+00,,,-32.3434,-58.5894775465,-54.8741970443
0,1260.62199998,+1.57115030E+00,,,-32.31708,-58.5891883899,-54.870226601
0,1263.125,+1.57113660E+00,,,-32.25245,-58.589101862,-54.8767586207
0,1265.62899995,+1.57113040E+00,,,-32.22427,-58.5892322015,-54.8757339901
0,1268.13199997,+1.57114900E+00,,,-32.20437,-58.5892749179,-54.8725320197
0,1270.63499999,+1.57113040E+00,,,-32.16683,-58.5883789704,-54.8729162562
0,1273.13699985,+1.57113540E+00,,,-32.11273,-58.5900854326,-54.8734285714
0,1275.63999987,+1.57114900E+00,,,-32.06707,-58.5897677985,-54.8638226601
0,1278.14199996,+1.57113170E+00,,,-32.00549,-58.5870481928,-54.8606206897
0,1280.64499998,+1.57114650E+00,,,-32.05531,-58.5893044907,-54.864591133
0,1283.148,+1.57114530E+00,,,-32.13678,-58.5902595838,-54.8697142857
0,1285.65099978,+1.57115890E+00,,,-32.30654,-58.5894205915,-54.8726600985
0,1288.15399981,+1.57114160E+00,,,-32.38535,-58.589796276,-54.870226601
0,1290.65699983,+1.57113540E+00,,,-32.40338,-58.59049069,-54.8773990148
0,1293.15899992,+1.57114280E+00,,,-32.39109,-58.5899408543,-54.8794482759
0,1295.66199994,+1.57113540E+00,,,-32.41327,-58.5891599124,-54.8736847291
0,1298.16499996,+1.57113290E+00,,,-32.39135,-58.5893044907,-54.8693300493
0,1300.66899991,+1.57114280E+00,,,-32.29465,-58.5893910186,-54.8712512315
0,1303.171,+1.57114650E+00,,,-32.25698,-58.588754655,-54.8699704433
0,1305.67299986,+1.57113290E+00,,,-32.22225,-58.587713034,-54.8743251232
0,1308.17499995,+1.57114650E+00,,,-32.19567,-58.5882343921,-54.8722758621
0,1310.67699981,+1.57113660E+00,,,-32.16469,-58.5882343921,-54.8729162562
0,1313.1789999,+1.57113660E+00,,,-32.10271,-58.589101862,-54.867408867
0,1315.68199992,+1.57113540E+00,,,-32.02538,-58.5890733844,-54.8725320197
0,1318.18599987,+1.57113040E+00,,,-31.99653,-58.5891599124,-54.8663842365
0,1320.68799996,+1.57114280E+00,,,-31.96422,-58.5888707558,-54.8756059113
0,1323.19099998,+1.57112920E+00,,,-31.95485,-58.5890438116,-54.8791921182
0,1325.69400001,+1.57114160E+00,,,-32.04769,-58.5882048193,-54.8766305419
0,1328.19699979,+1.57114410E+00,,,-32.0656,-58.5875399781,-54.8761182266
0,1330.69899988,+1.57115150E+00,,,-32.09189,-58.5873373494,-54.8791921182
0,1333.2019999,+1.57113660E+00,,,-32.10833,-58.5887831325,-54.8700985222
0,1335.70599985,+1.57112790E+00,,,-32.07053,-58.5882048193,-54.8697142857
0,1338.20899987,+1.57114410E+00,,,-32.06252,-58.5885235487,-54.8666403941
0,1340.73899984,+1.57114410E+00,,,-32.0366,-58.5882913472,-54.8706108374
0,1343.24099994,+1.57114780E+00,,,-32.00669,-58.5884939759,-54.873044335
0,1345.74499989,+1.57114030E+00,,,-31.9717,-58.5878576123,-54.8689458128
0,1348.24799991,+1.57112920E+00,,,-31.96048,-58.5882343921,-54.873044335
0,1350.75099993,+1.57113540E+00,,,-31.83586,-58.5888707558,-54.8727881773
0,1353.25499988,+1.57114780E+00,,,-31.83132,-58.5896516977,-54.8690738916
0,1355.75899982,+1.57113540E+00,,,-31.87539,-58.5905191676,-54.8715073892
0,1358.26099992,+1.57113410E+00,,,-31.88394,-58.5899123768,-54.8729162562
0,1360.76399994,+1.57113040E+00,,,-31.85376,-58.5900273823,-54.8726600985
0,1363.26699996,+1.57112920E+00,,,-31.82998,-58.5891883899,-54.874453202
0,1365.76999998,+1.57113170E+00,,,-31.80607,-58.5890438116,-54.8663842365
0,1368.27199984,+1.57113170E+00,,,-31.93297,-58.5906067908,-54.873044335
0,1370.77699995,+1.57113040E+00,,,-31.90558,-58.5889430449,-54.870226601
0,1373.27999997,+1.57114410E+00,,,-31.92041,-58.588754655,-54.8724039409
0,1375.78299999,+1.57112550E+00,,,-31.96982,-58.5893625411,-54.8686896552
0,1378.28499985,+1.57114030E+00,,,-31.96447,-58.5891599124,-54.871635468
0,1380.78799987,+1.57114780E+00,,,-31.90103,-58.5887831325,-54.8672807882
0,1383.29099989,+1.57113040E+00,,,-31.96675,-58.5886100767,-54.8671527094
0,1385.79399991,+1.57114410E+00,,,-31.95366,-58.5892749179,-54.8671527094
0,1388.29799986,+1.57113660E+00,,,-32.00041,-58.5891599124,-54.8703546798
0,1390.80099988,+1.57112670E+00,,,-32.01871,-58.5888992333,-54.8657438424
0,1393.3039999,+1.57114780E+00,,,-32.072,-58.5895355969,-54.8652315271
0,1395.80699992,+1.57112920E+00,,,-32.01631,-58.5889857612,-54.8668965517
0,1398.30999994,+1.57113790E+00,,,-31.9518,-58.5880021906,-54.8680492611
0,1400.81299996,+1.57114780E+00,,,-31.95607,-58.5876549836,-54.8656157635
0,1403.31599998,+1.57113790E+00,,,-32.02378,-58.5879156627,-54.8626699507
0,1405.81999993,+1.57114780E+00,,,-32.076,-58.5874523549,-54.8685615764
0,1408.32299995,+1.57113790E+00,,,-32.19915,-58.5873953998,-54.8692019704
0,1410.82599998,+1.57112670E+00,,,-32.23308,-58.5877426068,-54.8661280788
0,1413.329,+1.57114410E+00,,,-32.15629,-58.5877710843,-54.864591133
0,1415.83200002,+1.57113410E+00,,,-32.0863,-58.5879441402,-54.868817734
0,1418.3349998,+1.57114030E+00,,,-32.02017,-58.587279299,-54.8672807882
0,1420.83799982,+1.57114410E+00,,,-32.01175,-58.5878871851,-54.8626699507
0,1423.34200001,+1.57115030E+00,,,-31.93736,-58.5890438116,-54.8624137931
0,1425.84399986,+1.57114410E+00,,,-31.90799,-58.5889288061,-54.8606206897
0,1428.34699988,+1.57112790E+00,,,-31.9363,-58.5880021906,-54.8607487685
0,1430.8499999,+1.57113910E+00,,,-31.90505,-58.5879156627,-54.8579310345
0,1433.35299993,+1.57113790E+00,,,-31.93295,-58.5873077766,-54.8626699507
0,1435.85599995,+1.57113040E+00,,,-31.90437,-58.5875684556,-54.8636945813
0,1438.3599999,+1.57113660E+00,,,-31.88087,-58.5891303395,-54.8639507389
0,1440.86399984,+1.57114900E+00,,,-31.93242,-58.5883789704,-54.8595960591
0,1443.36699986,+1.57113660E+00,,,-31.88221,-58.5882628697,-54.8592118227
0,1445.86999989,+1.57114280E+00,,,-31.92267,-58.5882628697,-54.8626699507
0,1448.37199998,+1.57114530E+00,,,-31.89356,-58.5880164294,-54.8612610837
0,1450.875,+1.57114160E+00,,,-31.87112,-58.5881182913,-54.8639507389
0,1453.37799978,+1.57112420E+00,,,-31.79433,-58.5878871851,-54.8592118227
0,1455.8809998,+1.57114160E+00,,,-31.62763,-58.5891599124,-54.8597241379
0,1458.38499999,+1.57113290E+00,,,-31.73889,-58.587713034,-54.8607487685
0,1460.88800001,+1.57114160E+00,,,-31.66169,-58.5872212486,-54.8643349754
0,1463.38999987,+1.57114160E+00,,,-31.70857,-58.5875104053,-54.8612610837
0,1465.89399981,+1.57114650E+00,,,-31.62096,-58.5880887185,-54.8608768473
0,1468.39599991,+1.57113660E+00,,,-31.69921,-58.5880021906,-54.8565221675
0,1470.89899993,+1.57114160E+00,,,-31.80807,-58.5884654984,-54.8597241379
0,1473.40199995,+1.57113170E+00,,,-31.79098,-58.5893329682,-54.8578029557
0,1475.9059999,+1.57112790E+00,,,-31.80581,-58.5881763417,-54.8571625616
0,1478.40899992,+1.57114410E+00,,,-31.7282,-58.5883789704,-54.8613891626
0,1480.91299987,+1.57113790E+00,,,-31.84294,-58.5887261774,-54.857546798
0,1483.41599989,+1.57112790E+00,,,-31.92161,-58.5890733844,-54.860364532
0,1485.91899991,+1.57113790E+00,,,-31.95314,-58.5896221249,-54.8581871921
0,1488.421,+1.57112920E+00,,,-31.94899,-58.5888127054,-54.854729064
0,1490.92399979,+1.57113290E+00,,,-31.92388,-58.5889572837,-54.854729064
0,1493.42799997,+1.57113910E+00,,,-31.84682,-58.5890733844,-54.8571625616
0,1495.92999983,+1.57114410E+00,,,-31.8253,-58.5907217963,-54.8594679803
0,1498.43299985,+1.57112420E+00,,,-31.82704,-58.5902880613,-54.8627980296
0,1500.93499994,+1.57115150E+00,,,-31.8245,-58.5889572837,-54.8580591133
0,1503.43799996,+1.57114650E+00,,,-31.77789,-58.5889857612,-54.8597241379
0,1505.94099998,+1.57113410E+00,,,-31.63603,-58.58832092,-54.8597241379
0,1508.44400001,+1.57112300E+00,,,-31.64245,-58.5887261774,-54.8601083744
0,1510.94799995,+1.57114410E+00,,,-31.67638,-58.5877995619,-54.8503743842
0,1513.45099998,+1.57113040E+00,,,-31.77601,-58.588754655,-54.8593399015
0,1515.954,+1.57115030E+00,,,-31.82503,-58.5892464403,-54.8588275862
0,1518.45700002,+1.57115030E+00,,,-31.84948,-58.5886966046,-54.8565221675
0,1520.9599998,+1.57112550E+00,,,-31.88421,-58.5893044907,-54.8579310345
0,1523.46299982,+1.57113660E+00,,,-31.95873,-58.5869605696,-54.8604926108
0,1525.96599984,+1.57113910E+00,,,-31.94618,-58.5869036145,-54.8616453202
0,1528.46899986,+1.57114160E+00,,,-31.89289,-58.5885815991,-54.8588275862
0,1530.97199988,+1.57113660E+00,,,-31.88141,-58.5875969332,-54.858955665
0,1533.4749999,+1.57113410E+00,,,-31.78096,-58.5874523549,-54.8613891626
0,1535.97799993,+1.57114410E+00,,,-31.68773,-58.5875684556,-54.8604926108
0,1538.48099995,+1.57114650E+00,,,-31.69268,-58.5883789704,-54.863182266
0,1540.98399997,+1.57113040E+00,,,-31.6677,-58.587626506,-54.8611330049
0,1543.48699999,+1.57112670E+00,,,-31.59971,-58.5877995619,-54.8580591133
0,1545.99099994,+1.57114280E+00,,,-31.57634,-58.5880317634,-54.8565221675
0,1548.49299979,+1.57114900E+00,,,-31.48231,-58.587626506,-54.8593399015
0,1550.99599981,+1.57114160E+00,,,-31.44131,-58.5875399781,-54.8563940887
0,1553.49899983,+1.57112550E+00,,,-31.40377,-58.587713034,-54.8626699507
0,1556.00199986,+1.57115030E+00,,,-31.4524,-58.5885235487,-54.860364532
0,1558.50499988,+1.57114650E+00,,,-31.54135,-58.5895651698,-54.8570344828
0,1561.00699997,+1.57111930E+00,,,-31.54883,-58.5891883899,-54.8549852217
0,1563.51099992,+1.57114030E+00,,,-31.59423,-58.59049069,-54.8570344828
0,1566.01300001,+1.57114160E+00,,,-31.53774,-58.5897677985,-54.8520394089
0,1568.51599979,+1.57115150E+00,,,-31.54309,-58.5886966046,-54.8537044335
0,1571.01899981,+1.57113540E+00,,,-31.53773,-58.5890153341,-54.8544729064
0,1573.52199984,+1.57114280E+00,,,-31.43022,-58.5892464403,-54.8551133005
0,1576.02499986,+1.57114160E+00,,,-31.41994,-58.588407448,-54.8562660099
0,1578.52799988,+1.57113040E+00,,,-31.44892,-58.5885815991,-54.8549852217
0,1581.03199983,+1.57114030E+00,,,-31.48311,-58.5885815991,-54.85191133
0,1583.53499985,+1.57114030E+00,,,-31.41339,-58.5884654984,-54.8506305419
0,1586.03799987,+1.57114030E+00,,,-31.41647,-58.5889288061,-54.8537044335
0,1588.53999996,+1.57114280E+00,,,-31.42235,-58.5896801752,-54.852679803
0,1591.04299998,+1.57113290E+00,,,-31.49005,-58.5889288061,-54.8570344828
0,1593.546,+1.57115270E+00,,,-31.5105,-58.5891883899,-54.8534482759
0,1596.04799986,+1.57112790E+00,,,-31.55323,-58.5884654984,-54.8562660099
0,1598.55199981,+1.57114160E+00,,,-31.54014,-58.5890733844,-54.8588275862
0,1601.0539999,+1.57113660E+00,,,-31.4469,-58.5882343921,-54.8611330049
0,1603.55699992,+1.57113910E+00,,,-31.42007,-58.5875399781,-54.857546798
0,1606.05999994,+1.57113910E+00,,,-31.42047,-58.5886100767,-54.8552413793
0,1608.5619998,+1.57112920E+00,,,-31.45639,-58.587973713,-54.8501182266
0,1611.06499982,+1.57114900E+00,,,-31.55576,-58.5877710843,-54.8524236453
0,1613.56799984,+1.57112550E+00,,,-31.54307,-58.5877995619,-54.8593399015
0,1616.07199979,+1.57113170E+00,,,-31.5917,-58.5869605696,-54.8572906404
0,1618.57399988,+1.57114160E+00,,,-31.66475,-58.5874238773,-54.8552413793
0,1621.07799983,+1.57114410E+00,,,-31.59077,-58.5871051479,-54.8562660099
0,1623.57999992,+1.57115030E+00,,,-31.70856,-58.5886681271,-54.8604926108
0,1626.08299994,+1.57113170E+00,,,-31.75505,-58.5897382256,-54.854729064
0,1628.58599997,+1.57114900E+00,,,-31.80273,-58.5886966046,-54.8557536946
0,1631.08799982,+1.57114410E+00,,,-31.90505,-58.5877426068,-54.8584433498
0,1633.59200001,+1.57112920E+00,,,-31.90852,-58.5886100767,-54.854729064
0,1636.09499979,+1.57112920E+00,,,-31.92963,-58.5875104053,-54.8562660099
0,1638.59799981,+1.57114160E+00,,,-31.92842,-58.5888992333,-54.8562660099
0,1641.0999999,+1.57112670E+00,,,-31.85855,-58.5879156627,-54.8585714286
0,1643.60299993,+1.57113540E+00,,,-31.88755,-58.5877710843,-54.8588275862
0,1646.10599995,+1.57113410E+00,,,-31.79526,-58.588407448,-54.8542167488
0,1648.60899997,+1.57112300E+00,,,-31.82545,-58.5873373494,-54.8554975369
0,1651.11199999,+1.57113410E+00,,,-31.71804,-58.58832092,-54.8557536946
0,1653.61500001,+1.57113170E+00,,,-31.70602,-58.587279299,-54.8557536946
0,1656.11899996,+1.57114530E+00,,,-31.73476,-58.5873077766,-54.8562660099
0,1658.62099981,+1.57113170E+00,,,-31.80045,-58.5896801752,-54.8580591133
0,1661.12399983,+1.57112790E+00,,,-31.76548,-58.5884359255,-54.8530640394
0,1663.62699986,+1.57115270E+00,,,-31.77349,-58.58832092,-54.8560098522
0,1666.12999988,+1.57113290E+00,,,-31.79644,-58.5890876232,-54.852679803
0,1668.6329999,+1.57114530E+00,,,-31.83759,-58.5901139102,-54.8543448276
0,1671.13599992,+1.57114030E+00,,,-31.82732,-58.5895651698,-54.8493497537
0,1673.63899994,+1.57113410E+00,,,-31.84841,-58.5899123768,-54.8505024631
0,1676.14199996,+1.57113790E+00,,,-31.80206,-58.5893910186,-54.856137931
0,1678.64499998,+1.57113290E+00,,,-31.79404,-58.5886385542,-54.8502463054
0,1681.14699984,+1.57113790E+00,,,-31.7123,-58.5892749179,-54.8444729064
0,1683.64899993,+1.57113410E+00,,,-31.73595,-58.5895651698,-54.8424236453
0,1686.15299988,+1.57115150E+00,,,-31.81008,-58.5889572837,-54.848453202
0,1688.6559999,+1.57113910E+00,,,-31.82972,-58.5887688938,-54.8539605911
0,1691.15899992,+1.57113290E+00,,,-31.7843,-58.5886100767,-54.8485812808
0,1693.66100001,+1.57113540E+00,,,-31.79084,-58.5876549836,-54.8534482759
0,1696.1639998,+1.57112920E+00,,,-31.80928,-58.5878871851,-54.8503743842
0,1698.66699982,+1.57114160E+00,,,-31.75692,-58.5878871851,-54.857546798
0,1701.16999984,+1.57112790E+00,,,-31.74089,-58.5877426068,-54.8593399015
0,1703.67399979,+1.57113790E+00,,,-31.72046,-58.5882343921,-54.8490935961
0,1706.17699981,+1.57113660E+00,,,-31.6458,-58.5889288061,-54.8572906404
0,1708.67999983,+1.57112790E+00,,,-31.77135,-58.5885520263,-54.8562660099
0,1711.18299985,+1.57114030E+00,,,-31.76641,-58.5885815991,-54.8583152709
0,1713.68599987,+1.57113290E+00,,,-31.8432,-58.5890733844,-54.8611330049
0,1716.18899989,+1.57113790E+00,,,-31.83613,-58.5883493976,-54.857546798
0,1718.69199991,+1.57112920E+00,,,-31.75798,-58.5893625411,-54.857546798
0,1721.19599986,+1.57114410E+00,,,-31.70176,-58.5889288061,-54.8480689655
0,1723.69799995,+1.57114780E+00,,,-31.63512,-58.5889572837,-54.8493497537
0,1726.20099998,+1.57113170E+00,,,-31.61308,-58.5891883899,-54.8483251232
0,1728.704,+1.57113910E+00,,,-31.64366,-58.5893625411,-54.8488374384
0,1731.20700002,+1.57113790E+00,,,-31.67999,-58.5884939759,-54.849862069
0,1733.7099998,+1.57113040E+00,,,-31.69587,-58.5897677985,-54.8542167488
0,1736.21299982,+1.57113290E+00,,,-31.67558,-58.5891303395,-54.8566502463
0,1738.71700001,+1.57112550E+00,,,-31.60599,-58.5893329682,-54.8638226601
0,1741.21999979,+1.57114530E+00,,,-31.59503,-58.5895651698,-54.8627980296
0,1743.72299981,+1.57113540E+00,,,-31.55189,-58.5891883899,-54.860364532
0,1746.22599983,+1.57113040E+00,,,-31.55269,-58.589101862,-54.8580591133
0,1748.72799993,+1.57114030E+00,,,-31.46762,-58.5891303395,-54.8567783251
0,1751.23099995,+1.57113170E+00,,,-31.50849,-58.5880887185,-54.8601083744
0,1753.73399997,+1.57112920E+00,,,-31.56739,-58.5886966046,-54.8567783251
0,1756.23799992,+1.57114030E+00,,,-31.59236,-58.588407448,-54.8598522167
0,1758.74099994,+1.57114410E+00,,,-31.61521,-58.5877426068,-54.8613891626
0,1761.24399996,+1.57114030E+00,,,-31.58368,-58.5877710843,-54.8634384236
0,1763.74699998,+1.57114030E+00,,,-31.6076,-58.589796276,-54.8593399015
0,1766.25,+1.57113170E+00,,,-31.6554,-58.5890438116,-54.8613891626
0,1768.75299978,+1.57114160E+00,,,-31.56912,-58.5892464403,-54.8627980296
0,1771.2559998,+1.57113290E+00,,,-31.54242,-58.5893910186,-54.8624137931
0,1773.75999999,+1.57113790E+00,,,-31.47804,-58.5892902519,-54.8636945813
0,1776.26399994,+1.57113410E+00,,,-31.47335,-58.5892179628,-54.8598522167
0,1778.76599979,+1.57112550E+00,,,-31.40177,-58.5886681271,-54.8578029557
0,1781.26899981,+1.57113790E+00,,,-31.38081,-58.5890438116,-54.857546798
0,1783.77199984,+1.57113660E+00,,,-31.33753,-58.5910405257,-54.8611330049
0,1786.27499986,+1.57115150E+00,,,-31.23722,-58.589449069,-54.860364532
0,1788.77799988,+1.57113410E+00,,,-31.35543,-58.5895651698,-54.8576748768
0,1791.2809999,+1.57113790E+00,,,-31.3816,-58.5876845564,-54.8606206897
0,1793.78499985,+1.57113910E+00,,,-31.47871,-58.5882913472,-54.8534482759
0,1796.28799987,+1.57113660E+00,,,-31.46068,-58.5894775465,-54.8593399015
0,1798.79099989,+1.57113410E+00,,,-31.42888,-58.5888411829,-54.8584433498
0,1801.29399991,+1.57114280E+00,,,-31.62122,-58.59049069,-54.8553694581
mod coil current: -58.5904326396 uA
pickup loop current: -54.8588275862 uA
