Counter,Time(s),Temperature Voltage(V),Magnet Current(A),Field Coil Current(mA),SQUID Voltage(uV),Mod Current(uA),Pickup Loop Current(uA),
0,0.00699996948242,+1.57117010E+00,,,-21.57135,-0.0112972617744,-46.0597044335
1,3.91700005531,+1.57117510E+00,,,-21.59885,-2.12667568456,-46.0552216749
2,6.44400000572,+1.57117750E+00,,,-21.61475,-4.25259967141,-46.0573990148
3,8.97200012207,+1.57117010E+00,,,-21.8099,-6.36591588171,-46.0580394089
4,11.5,+1.57117630E+00,,,-21.99809,-8.48081883899,-46.0585517241
5,14.0280001163,+1.57117510E+00,,,-22.24679,-10.6264205915,-46.0595763547
6,16.5340001583,+1.57117510E+00,,,-22.445,-12.722592552,-46.0568866995
7,19.0410001278,+1.57117510E+00,,,-22.74911,-14.8672847755,-46.0584236453
8,21.5480000973,+1.57118250E+00,,,-22.94813,-16.9652924425,-46.0580394089
9,24.0540001392,+1.57117380E+00,,,-23.12457,-19.0610021906,-46.0535566502
10,26.5599999428,+1.57117380E+00,,,-23.4307,-21.1736626506,-46.0543251232
11,29.0659999847,+1.57118000E+00,,,-23.77236,-23.2699222344,-46.0545812808
12,31.5729999542,+1.57118500E+00,,,-23.96309,-25.4649079956,-46.0531724138
13,34.0800001621,+1.57118500E+00,,,-24.2791,-27.5988926616,-46.0511231527
14,36.5859999657,+1.57117380E+00,,,-24.6109,-29.7166155531,-46.0525320197
15,39.0929999352,+1.57118250E+00,,,-24.87482,-31.7989715225,-46.0533004926
16,41.6000001431,+1.57117880E+00,,,-25.2496,-33.9189079956,-46.0545812808
17,44.1059999466,+1.57117630E+00,,,-25.38676,-36.0019003286,-46.0504827586
18,46.6119999886,+1.57117260E+00,,,-25.554,-38.1157163198,-46.0515073892
19,49.1180000305,+1.57117510E+00,,,-25.71962,-40.1983012048,-46.051635468
20,51.6240000725,+1.57117510E+00,,,-26.13567,-42.4113242059,-46.0492019704
21,54.1300001144,+1.57117010E+00,,,-26.26243,-44.4926221249,-46.050226601
22,56.6370000839,+1.57116760E+00,,,-26.40921,-46.6076396495,-46.0521477833
23,59.1430001259,+1.57117750E+00,,,-26.54531,-48.6906714129,-46.0504827586
24,61.6490001678,+1.57117260E+00,,,-26.60916,-50.8070317634,-46.0506108374
25,64.1549999714,+1.57117750E+00,,,-26.85866,-52.8900197152,-46.0492019704
26,66.6610000134,+1.57117380E+00,,,-27.03029,-55.2606276013,-46.0440788177
27,69.1670000553,+1.57117750E+00,,,-27.15223,-57.5059189485,-46.047408867
28,71.6740000248,+1.57117260E+00,,,-27.44835,-59.5607294633,-46.047408867
29,74.1809999943,+1.57118250E+00,,,-27.71186,-61.6768871851,-46.0515073892
30,76.6870000362,+1.57118250E+00,,,-27.8652,-63.7991631982,-46.0518916256
31,79.1940000057,+1.57118620E+00,,,-28.1493,-65.9261818182,-46.0515073892
32,81.7000000477,+1.57118000E+00,,,-28.27659,-67.9862803943,-46.0500985222
33,84.2060000896,+1.57117630E+00,,,-28.36301,-70.1037371303,-46.0486896552
34,86.7120001316,+1.57117510E+00,,,-28.24079,-72.2243658269,-46.0465123153
35,89.2179999352,+1.57118620E+00,,,-28.14502,-74.4062519168,-46.0468965517
36,91.7260000706,+1.57117510E+00,,,-28.21367,-76.5272070099,-46.0486896552
37,94.2320001125,+1.57117380E+00,,,-28.15089,-78.6436210296,-46.048817734
38,96.7380001545,+1.57118250E+00,,,-28.09013,-80.7641270537,-46.0470246305
39,99.243999958,+1.57118370E+00,,,-28.14382,-82.8223154436,-46.0483054187
40,101.75,+1.57118370E+00,,,-27.9734,-84.9411303395,-46.0506108374
41,104.256000042,+1.57118000E+00,,,-27.76756,-87.0606418401,-46.0416453202
42,106.762000084,+1.57117750E+00,,,-27.60436,-88.9241073384,-46.0470246305
43,109.269999981,+1.57117380E+00,,,-27.45089,-91.5565202629,-46.0461280788
44,111.776000023,+1.57118250E+00,,,-27.52273,-93.2886516977,-46.0434384236
45,114.282000065,+1.57117630E+00,,,-27.39786,-95.9215553122,-46.0434384236
46,116.788000107,+1.57118370E+00,,,-27.17346,-97.6545224535,-46.0440788177
47,119.295000076,+1.57118120E+00,,,-26.96149,-99.4533745893,-46.046
48,121.801000118,+1.57116760E+00,,,-26.62105,-102.023004381,-46.0447192118
49,124.30700016,+1.57118250E+00,,,-26.41081,-103.816308872,-46.046
50,126.815000057,+1.57116890E+00,,,-26.10695,-106.449732749,-46.0439507389
51,129.322000027,+1.57117880E+00,,,-25.85758,-108.180614458,-46.0457438424
52,131.828000069,+1.57118250E+00,,,-25.69397,-109.917656079,-46.0421576355
53,134.294000149,+1.57117880E+00,,,-25.39197,-113.232672508,-46.0449753695
54,136.75999999,+1.57117750E+00,,,-25.16172,-115.039748083,-46.0380591133
55,139.225000143,+1.57118740E+00,,,-24.84663,-117.624961665,-46.0442068966
56,141.690000057,+1.57118620E+00,,,-24.67179,-119.437382256,-46.0453596059
57,144.157000065,+1.57118250E+00,,,-24.32853,-122.021292442,-46.0419014778
58,146.621999979,+1.57117260E+00,,,-24.06501,-123.830087623,-46.040364532
59,149.088000059,+1.57117750E+00,,,-23.87146,-125.636571742,-46.0402364532
60,151.552999973,+1.57118120E+00,,,-23.59272,-128.222519168,-46.0422857143
61,154.018000126,+1.57117510E+00,,,-23.51005,-130.033625411,-46.0411330049
62,156.483999968,+1.57118250E+00,,,-23.47412,-132.634194962,-46.041773399
63,158.94900012,+1.57118120E+00,,,-23.25895,-134.43966046,-46.0413891626
64,161.414999962,+1.57118620E+00,,,-22.97992,-136.118313253,-46.0439507389
65,163.881000042,+1.57118870E+00,,,-22.66924,-138.836725082,-46.0406206897
66,166.345999956,+1.57118870E+00,,,-22.46423,-140.510021906,-46.0395960591
67,168.811000109,+1.57118370E+00,,,-22.24786,-143.228576123,-46.043182266
68,171.27699995,+1.57118250E+00,,,-22.16918,-144.906779847,-46.0395960591
69,173.742000103,+1.57118250E+00,,,-22.09786,-146.714424973,-46.0388275862
70,176.20600009,+1.57117260E+00,,,-21.90927,-149.301106243,-46.0381871921
71,178.673000097,+1.57117510E+00,,,-21.78746,-151.105695509,-46.0362660099
72,181.138000011,+1.57118250E+00,,,-21.67926,-153.695553122,-46.0370344828
73,183.604000092,+1.57117380E+00,,,-21.60821,-155.501883899,-46.0407487685
74,186.069000006,+1.57118120E+00,,,-21.69516,-158.214797371,-46.0399802956
75,188.534000158,+1.57118500E+00,,,-21.77103,-159.896046002,-46.0425418719
76,191.0,+1.57117750E+00,,,-21.82419,-161.707437021,-46.0401083744
77,193.465000153,+1.57118250E+00,,,-21.92584,-164.291062432,-46.040364532
78,195.930999994,+1.57118000E+00,,,-22.06381,-166.107677985,-46.041773399
79,198.397000074,+1.57117630E+00,,,-22.27028,-168.690153341,-46.0369064039
80,200.861999989,+1.57119240E+00,,,-22.38381,-170.500394304,-46.0357536946
81,203.327000141,+1.57117880E+00,,,-22.58604,-172.182398686,-46.0343448276
82,205.792999983,+1.57117750E+00,,,-22.78639,-174.888203724,-46.0354975369
83,208.258000135,+1.57118250E+00,,,-22.92382,-176.697152245,-46.037546798
84,210.72300005,+1.57117260E+00,,,-23.12096,-179.280635268,-46.0346009852
85,213.18900013,+1.57118120E+00,,,-23.32305,-181.097097481,-46.0416453202
86,215.654999971,+1.57117260E+00,,,-23.53756,-183.674205915,-46.036137931
87,218.121000051,+1.57118120E+00,,,-23.85986,-185.486615553,-46.0352413793
88,220.585999966,+1.57118250E+00,,,-24.0216,-187.168740416,-46.0357536946
89,223.051000118,+1.57118870E+00,,,-24.39264,-189.874983571,-46.038955665
90,225.51699996,+1.57118740E+00,,,-24.87081,-191.556243154,-46.0352413793
91,227.98300004,+1.57117630E+00,,,-25.27497,-194.269145674,-46.0370344828
92,230.447999954,+1.57117880E+00,,,-25.4275,-195.951861993,-46.0346009852
93,232.914000034,+1.57118250E+00,,,-25.57296,-197.766593647,-46.0351133005
94,235.378999949,+1.57118620E+00,,,-25.82166,-200.347174151,-46.0352413793
95,237.845000029,+1.57118370E+00,,,-26.00303,-202.157426068,-46.0376748768
96,240.309999943,+1.57118740E+00,,,-26.34389,-204.74075575,-46.0351133005
97,242.775000095,+1.57117630E+00,,,-26.46811,-206.54736035,-46.0337044335
98,245.240999937,+1.57118120E+00,,,-26.62051,-208.354424973,-46.0354975369
99,247.707000017,+1.57118370E+00,,,-26.85064,-210.940657174,-46.0376748768
100,250.173000097,+1.57118620E+00,,,-27.11896,-212.750613363,-46.0374187192
101,252.638000011,+1.57118620E+00,,,-27.2886,-215.336845564,-46.0366502463
102,255.104000092,+1.57118370E+00,,,-27.41856,-217.141007667,-46.0360098522
103,257.569000006,+1.57118740E+00,,,-27.59634,-219.729868565,-46.0376748768
104,260.035000086,+1.57118000E+00,,,-27.70012,-222.100525739,-46.0360098522
105,262.5,+1.57118990E+00,,,-27.82286,-223.899485214,-46.0390837438
106,264.96600008,+1.57118250E+00,,,-28.01693,-226.472102957,-46.0324236453
107,267.43200016,+1.57117880E+00,,,-28.05352,-228.288871851,-46.0385714286
108,269.897000074,+1.57118740E+00,,,-28.37516,-230.858729463,-46.037546798
109,272.361999989,+1.57118870E+00,,,-28.53277,-232.67143483,-46.0329359606
110,274.828000069,+1.57117880E+00,,,-28.58805,-234.470963855,-46.0316551724
111,277.292999983,+1.57118990E+00,,,-28.70559,-237.056330778,-46.0357536946
112,279.758000135,+1.57118250E+00,,,-28.72696,-238.859331873,-46.0367783251
113,282.223999977,+1.57118250E+00,,,-28.70306,-241.444994524,-46.0329359606
114,284.690000057,+1.57118120E+00,,,-28.58847,-243.252059146,-46.034729064
115,287.156000137,+1.57118990E+00,,,-28.4179,-245.06143483,-46.0315270936
116,289.621000051,+1.57118120E+00,,,-28.44822,-247.633340635,-46.0328078818
117,292.085999966,+1.57119120E+00,,,-28.50819,-249.454589266,-46.034729064
118,294.552000046,+1.57118500E+00,,,-28.35618,-252.026746988,-46.0362660099
119,297.019000053,+1.57119240E+00,,,-28.25242,-253.828159912,-46.0315270936
120,299.48300004,+1.57118740E+00,,,-28.04004,-256.413964951,-46.0338325123
121,301.94900012,+1.57118120E+00,,,-27.98474,-258.226374589,-46.0321674877
122,304.414999962,+1.57117750E+00,,,-27.8341,-260.018959474,-46.0262660099
123,306.880000114,+1.57118000E+00,,,-27.56389,-262.611851041,-46.0313990148
124,309.345000029,+1.57118120E+00,,,-27.37247,-264.450460022,-46.0270344828
125,311.809999943,+1.57118870E+00,,,-27.30651,-267.03177437,-46.0285714286
